1 20 7132 144 119 172 45140 808 3721 595 83344 109 25822 216 29461 586 11962 602 24185 61 56781 856 45662 269 90099 951 61612 977 56504 29 8833 28 77557 547 51352 660 46939 731 19978 486 60967 89 40087
2 20 6564 89 79976 702 50561 297 68969 32 65624 936 51928 334 12946 30 85185 671 16924 572 54765 350 18870 602 97733 640 78986 166 93610 59 83215 829 6924 354 29302 654 74039 162 87686 530 23414 197 67422
3 20 8624 298 85392 549 94298 629 95348 956 21292 588 86190 535 83219 199 21514 951 42673 592 6675 345 7112 270 64912 634 70774 701 24785 86 96200 477 60635 743 45378 782 75046 691 30644 708 81203 46 44741
4 20 7223 152 13773 543 69211 780 46556 867 72198 539 33200 198 61973 350 90426 316 17453 768 10721 330 13675 471 57086 305 68177 818 73974 102 94905 666 4710 322 98112 379 79484 219 9996 643 39141 261 93230
5 20 7516 313 92738 927 51566 437 67183 638 94326 966 20720 202 57476 801 76919 774 73004 68 83886 228 61699 484 10147 776 77219 138 88574 773 90516 96 86579 639 40875 553 18385 260 41165 161 62776 162 75392
6 20 7569 382 88661 791 79574 605 6425 99 47582 188 90376 558 78316 634 69159 475 87108 399 76849 132 73298 770 58575 63 38287 948 26501 125 63692 454 26360 796 28270 435 67520 44 88943 645 52766 919 23161
7 20 8570 646 87678 324 5578 660 17009 575 57604 809 65697 242 34255 114 59813 502 86252 980 75053 642 85261 586 30810 698 82527 471 37467 430 34080 281 84895 167 57828 933 19386 990 70410 265 51708 398 50277
8 20 8542 980 45685 992 18460 911 87451 553 42236 185 23178 226 29901 463 22226 434 94352 218 77626 408 24431 943 7422 909 31812 663 91659 859 16541 80 30007 387 70036 97 18285 710 51044 281 82471 379 63079
9 20 7435 841 45898 925 35337 10 6695 807 10332 559 33156 361 53319 223 44783 631 15690 295 52818 203 98082 288 44982 789 8353 124 78404 167 48970 801 82231 71 47951 52 80947 822 40126 468 45326 857 84434
10 20 7932 990 71032 403 81284 615 44385 256 23658 366 29644 406 24283 927 88903 947 66925 498 31184 173 6182 225 38349 150 11875 509 80573 870 32516 498 42247 789 43980 701 80088 385 71803 88 27375 119 44266
11 20 7684 300 57212 110 26257 604 40057 234 87861 378 93997 386 96114 622 46117 500 4188 659 713 928 24220 269 32902 348 67647 910 29511 258 99306 340 31650 98 360 945 56706 642 31933 933 16969 142 28290
12 20 8707 918 85112 54 28830 817 9210 58 3356 253 97518 313 39144 599 1462 276 19105 746 80032 895 99986 324 518 788 42900 898 37833 260 20887 632 9753 963 35594 660 647 332 42823 774 31524 324 98105
13 20 8785 1 20659 928 53604 489 7072 150 53236 706 78072 839 55664 348 6637 963 60166 120 77282 557 15065 632 89546 875 47181 386 27750 836 47155 501 22096 321 76455 730 19319 141 64524 867 97204 592 88144
14 20 8876 591 44725 151 88344 653 90374 473 30134 955 37556 999 59458 635 48087 658 8215 673 76620 590 16388 957 18724 228 24808 524 17195 494 96037 473 15247 420 16466 440 11887 505 59389 291 20961 385 91151
15 20 8817 421 76719 120 81465 362 77927 921 69675 633 89582 799 16832 898 5022 851 78827 415 40681 100 37530 695 43849 898 72308 393 14998 736 82588 536 87668 163 95802 116 90338 798 243 751 79709 416 86468
16 20 7191 75 91458 318 23733 711 5485 413 93920 935 83987 595 3866 200 33359 820 31588 688 86633 11 85974 4 37576 233 29684 297 16025 779 19920 903 78675 168 19715 657 44916 782 92547 165 39385 235 41079
17 20 8125 412 29684 59 78942 409 41449 955 19185 564 1575 798 97825 280 75357 141 13492 430 27258 626 86863 794 90897 514 46472 751 29839 738 35736 543 96674 349 61260 33 45940 863 31531 861 57560 37 13280
18 20 8490 933 40034 857 87010 688 46140 894 61625 202 18195 452 1897 716 52614 630 49355 675 45048 91 61892 522 41070 273 92416 530 11764 768 24067 33 72362 105 52406 187 77853 568 4210 977 56637 512 90763
19 20 7618 141 62090 144 50404 365 51148 931 31634 75 59216 176 12846 749 35535 284 21552 526 13377 39 86823 470 84852 661 92497 820 45628 737 83284 913 14128 783 69382 506 26069 230 31949 458 30651 515 88276
20 20 6040 36 52667 913 36314 230 6417 757 56935 946 81161 720 23541 262 43574 130 66458 371 90552 228 55712 57 38042 4 47106 43 87515 376 36366 506 46403 606 42806 185 77019 502 26675 19 15895 659 87850
21 20 7784 67 24701 117 83742 973 26036 419 86799 816 94708 572 89764 612 12190 123 46363 246 53948 485 33103 57 67316 309 16526 280 56947 996 68687 237 15676 873 74220 990 65493 950 59900 78 65162 530 69282
22 20 9176 428 49361 734 7141 846 25848 715 91518 812 88129 372 29310 967 22831 965 52999 899 59460 462 8037 344 65200 687 7909 676 5571 637 255 323 43096 551 2369 256 51801 757 35725 20 77428 19 81854
23 20 7427 568 70755 640 96715 7 65212 970 24820 118 26780 607 9327 754 99086 82 36712 573 99088 375 93864 648 49592 9 51545 100 89861 288 73462 457 92492 75 3192 620 48394 944 28006 735 86899 714 48874
24 20 8076 24 40805 722 58669 300 40738 577 89160 768 13335 530 31410 713 97865 131 77599 112 62983 623 38561 632 93008 676 74063 134 46802 875 90679 525 12146 495 32541 771 12947 815 97557 537 49308 135 40550
25 20 8329 37 9887 747 31086 793 11829 858 23649 391 53021 320 92353 828 75281 682 55120 426 93227 297 16693 966 39712 369 20006 997 1334 381 83871 450 32819 480 56046 542 96803 540 55103 288 13985 20 53950
26 20 7537 792 24092 992 13343 304 44729 866 97139 115 83606 81 46491 642 33565 84 81964 512 90809 389 93306 155 99847 828 78331 789 88307 978 45007 364 36943 89 86395 762 12277 447 38951 15 79775 218 3667
27 20 7215 766 87006 165 25550 158 93160 457 2320 535 49963 673 75548 18 39297 289 63453 387 71948 459 34748 398 21282 857 1260 766 98277 411 45616 900 99061 580 47312 179 78364 716 92376 141 90890 164 65657
28 20 7041 63 84767 338 88830 674 21689 420 29209 156 49533 197 50360 790 71968 325 29874 658 63710 90 89917 84 34888 341 40560 439 42991 81 70452 851 12964 678 95035 56 5211 914 46623 738 19816 909 48308
29 20 8681 946 52964 871 7790 928 65373 301 91579 895 11063 840 38307 402 83820 850 66451 454 13963 507 83546 920 96499 125 35433 174 51929 7 67234 578 10091 222 73565 302 86306 84 95613 533 13778 913 70299
30 20 8026 345 15638 222 48093 425 7479 149 42766 453 92018 128 50217 334 77096 548 35690 522 60349 574 29783 539 69447 316 70537 625 94795 989 38927 931 10704 856 45759 728 27095 502 48608 482 50795 365 78688
31 20 8315 976 11637 677 64230 181 73516 803 49932 556 58338 381 35877 469 63855 476 96762 300 42178 597 75011 188 2015 700 33341 946 61423 114 99149 389 83992 142 27301 856 22502 113 11544 724 10997 806 64550
32 20 7528 371 99330 439 67549 516 56111 754 60544 31 19 157 59211 36 55442 790 82581 658 69406 346 32160 580 59623 1000 76610 5 38142 927 75106 583 77966 224 5188 401 1083 636 15408 705 91890 252 78266
33 20 6997 895 53779 217 24341 633 91899 586 48936 25 64401 648 18644 912 12272 180 75402 432 4571 303 54762 976 66955 96 51218 100 97839 397 16756 90 83776 272 78362 248 26202 199 75891 730 70458 808 74829
34 20 7076 181 17858 254 37070 483 96737 392 99284 998 46442 315 87850 591 55721 221 10933 153 18769 38 68042 895 51597 51 35151 727 90598 346 54215 686 47175 720 84990 480 47344 515 8144 196 75711 604 94845
35 20 5743 315 5256 772 87987 315 39416 80 50996 538 79337 8 45881 369 59800 366 66623 346 83321 426 12497 257 98855 567 72392 463 17959 796 70898 84 20814 246 97734 675 5315 187 53195 244 63731 125 39292
36 20 8767 824 36347 574 3984 547 332 448 64298 260 58426 306 24602 800 6500 756 71252 555 32506 677 79114 978 96855 164 91755 916 14524 360 46657 209 20719 278 73601 974 2101 376 66944 579 94688 378 36835
37 20 6663 187 44656 79 19679 461 63530 943 82226 219 70369 299 13224 526 62769 645 74029 369 23932 107 25537 548 73697 16 60335 654 5412 490 24424 384 22928 874 65795 703 49310 170 74834 187 90553 468 94495
38 20 10177 842 56643 532 87881 606 1784 303 16939 901 99542 799 16285 416 10212 9 35493 973 17409 976 95795 614 15487 964 70220 490 81143 372 6878 938 1554 630 74815 549 23152 540 81229 422 5325 846 64136
39 20 6692 411 80016 326 62436 961 34922 41 14694 276 95929 721 63102 269 64227 913 42619 545 95150 366 3701 59 41045 780 52251 400 30052 292 25571 118 70562 180 36736 868 3298 41 49250 205 15640 594 84871
40 20 7884 872 87893 465 69102 367 22660 940 39159 419 91786 511 54121 500 78903 840 3794 183 66119 397 48634 737 8430 197 41149 337 88333 348 27472 933 91687 1 55220 484 32799 51 63854 726 2162 548 80841
41 20 8112 407 55237 453 21257 132 19225 50 25970 323 67494 180 56876 518 61488 916 98167 886 37333 152 63106 688 21675 801 43482 983 13952 800 37831 434 63776 138 49691 711 33339 624 63060 733 13932 211 71799
42 20 8701 982 45661 806 5635 804 72037 662 25420 650 22899 251 41424 9 55676 398 30999 15 26560 618 87923 951 81288 201 63581 685 30323 101 88563 979 37422 386 56000 683 21431 201 22887 569 60408 926 54482
43 20 9172 427 15348 941 74478 998 46236 961 77467 20 36828 865 40623 50 49036 753 37834 584 82382 11 38150 726 4436 473 3192 116 40349 500 58084 914 74374 478 44842 742 21121 350 50814 935 34193 621 17835
44 20 10510 372 81267 907 56233 941 31371 841 21630 699 77013 703 3163 898 39381 760 61594 854 8207 537 48905 596 66143 131 20056 400 17921 840 40938 385 46901 978 6151 765 15047 69 71653 538 25209 924 45107
45 20 7640 332 92090 939 21339 24 79970 256 14115 998 70407 769 87446 828 15834 367 19801 44 86213 162 42971 331 46423 601 60707 5 85015 803 92734 600 64718 49 4979 427 88341 763 18975 849 42510 403 36690
46 20 7182 272 629 653 4440 341 6876 586 82305 605 65047 315 51506 340 28956 321 63235 816 912 447 39572 475 79650 540 24433 589 60258 374 28034 259 27887 398 89758 124 2191 377 79032 506 60878 640 43296
47 20 9545 906 15403 370 9711 789 71218 262 77763 825 3950 326 44273 619 33735 325 9899 971 41883 824 66249 370 6497 554 61472 701 72600 904 12095 747 82515 387 26760 865 46012 62 96336 845 571 280 56346
48 20 6924 501 51054 100 92671 741 31985 45 9311 991 43577 209 63698 113 89448 577 26943 51 61453 160 57764 697 97150 194 83919 558 21549 843 19094 728 966 345 66531 628 15895 150 98818 652 75983 373 12809
49 20 6702 294 70076 184 10699 216 84370 662 76519 95 95791 343 54001 11 47304 869 50601 894 59685 522 18594 365 77911 84 8063 456 32138 625 13845 449 17812 7 51554 174 71444 915 63185 302 55696 911 52828
50 20 6248 182 47400 713 7143 717 46295 218 53336 433 5039 685 44674 801 53387 651 54989 10 54396 162 50457 407 66314 407 71026 55 1140 146 28402 863 42829 746 87996 248 5831 125 84880 75 34655 167 69633
51 20 8982 390 88966 806 98289 538 7356 959 64736 653 67385 199 3177 866 80886 294 21138 992 21701 647 58604 359 76192 811 30131 95 25628 397 73542 936 74293 962 73748 937 11924 258 60649 37 83938 92 70933
52 20 7933 688 70669 606 62549 71 67073 415 80281 345 40621 700 95279 563 47349 833 80902 489 23209 336 84356 242 41335 482 85195 642 29251 78 80511 798 22495 930 19975 106 19894 640 35885 556 73250 397 34124
53 20 7685 174 46178 662 66747 824 84316 280 44008 668 66694 430 58560 577 25855 3 93279 981 88810 329 84126 816 56529 768 3314 564 86105 361 12257 549 82926 10 45520 357 57895 382 56518 751 58281 121 54053
54 20 7960 880 55929 934 71047 840 81408 10 20167 143 54499 319 77430 585 40161 315 42564 386 81272 17 99986 676 69714 141 20565 569 16030 709 31183 771 87744 724 27356 743 67083 681 46521 149 50364 359 81296
55 20 8004 209 74593 393 70519 795 11767 1 85694 545 51777 756 49243 944 47823 288 14976 131 59692 719 69526 350 5603 890 12640 37 67570 407 8750 729 54509 945 52777 140 17655 558 51499 620 39007 549 95129
56 20 8173 864 24862 569 1885 364 33719 374 42237 332 62322 859 59697 694 68822 126 4816 795 31100 150 71792 185 33601 884 6250 973 25045 887 9285 158 61778 145 10493 296 24615 513 98401 848 38634 201 304
57 20 6588 93 11170 65 31404 178 65176 405 85901 329 30407 622 39661 744 17564 173 44126 877 15452 512 28504 334 12 667 66943 478 50491 445 95217 150 33995 501 27594 483 38630 495 35967 151 36020 534 85743
58 20 7595 220 99569 389 82772 529 74046 493 35877 918 1931 447 81034 37 84337 764 64825 376 70883 695 58530 714 57129 217 29731 378 150 156 79283 364 56869 853 70952 855 37724 182 91894 364 27991 543 97369
59 20 7506 176 64634 441 90521 935 93676 499 13651 84 22072 456 42940 343 12164 124 31773 996 62183 715 41847 612 29056 628 66992 497 88769 251 75098 580 84950 163 32303 472 67386 896 49215 101 12092 414 90263
60 20 7525 996 99045 298 52029 23 24894 358 23112 346 24451 461 23770 518 77288 844 30102 655 47770 361 90224 858 60400 215 76399 794 43016 70 82068 308 89372 205 15659 487 14081 436 96345 433 21358 741 69903
61 20 8189 469 46879 246 18313 309 58405 888 7266 599 660 434 63640 304 64987 544 88745 404 33564 717 24876 905 63738 237 32031 923 98263 425 28829 535 3909 304 64396 758 27640 1 8850 253 82586 982 73709
62 20 6449 160 42979 55 17818 975 75417 690 76827 380 71062 478 42589 823 85766 262 39598 735 64213 653 37378 266 57085 859 16229 350 94553 395 23088 82 77989 31 93033 354 88888 30 12083 125 12123 359 34486
63 20 8622 288 98999 807 23261 445 99665 908 23851 536 72567 708 64169 17 7650 665 10857 42 95740 163 18118 522 23092 880 58698 665 85086 283 99365 980 22954 861 76102 650 25675 818 42222 177 22140 363 24505
64 20 7528 133 44419 11 56853 559 47477 266 41985 484 64692 606 11600 561 51374 935 27478 28 89006 631 57924 772 1932 268 48595 742 39106 422 69326 330 90441 659 77252 650 38139 552 18258 617 73510 184 14416
65 20 6642 675 50649 924 90164 311 68153 356 46215 389 95457 125 45735 597 19933 543 35900 878 77924 224 47057 444 89279 535 92624 591 69292 12 54639 220 15696 475 57611 545 33617 183 28831 122 7400 154 59092
66 20 7888 101 35979 758 12202 832 31137 231 50194 100 33249 435 21342 155 30531 453 80928 847 68443 838 22513 850 48615 824 12269 98 40839 433 5123 783 66028 629 27467 423 61783 34 67523 134 91579 902 14855
67 20 9096 729 8389 817 94257 791 64036 815 92744 70 43008 147 27605 883 2932 378 9489 123 59139 234 67619 186 93387 802 38128 973 91800 737 16391 370 62964 796 63384 459 91370 629 863 747 77187 685 6454
68 20 7643 648 76541 449 82339 675 59346 176 26485 858 9904 138 75611 491 94286 990 37394 142 40043 498 35076 98 83535 615 8297 469 99395 804 89936 480 35271 330 39081 724 72089 155 70814 55 94440 759 83092
69 20 6773 502 23203 101 80047 74 13061 971 43526 295 42472 595 33506 865 26006 203 95949 484 17866 271 47552 353 90688 483 5794 624 40878 961 16491 315 9855 808 81416 150 61933 104 79737 297 79733 11 75564
70 20 8445 995 6158 866 13291 295 87384 91 44033 265 21144 636 99677 909 94893 66 5733 103 82515 876 8827 850 50952 951 92031 977 8283 69 89861 319 76114 371 74697 114 4459 661 55741 956 81435 187 26637
71 20 6766 255 89017 625 66559 196 55711 287 53924 521 63561 5 71760 147 48698 343 88909 60 76226 352 32772 411 39322 820 23682 690 13353 646 4655 388 93344 340 10585 231 25013 695 66694 863 33721 583 37433
72 20 9027 348 57542 422 97847 801 4981 743 50043 969 96008 832 70251 409 53625 199 51187 316 13527 55 27908 234 28006 742 689 971 60083 791 95253 768 42391 300 27683 719 66904 853 83310 657 88552 155 37890
73 20 9064 950 66975 582 14594 289 16167 508 90564 281 63669 74 13529 453 3821 770 94253 873 64776 774 96419 856 50013 451 48463 550 59577 366 1740 536 77039 976 10367 979 94021 592 67037 76 65768 394 24167
74 20 7486 216 81343 962 46989 186 24055 393 3089 275 14836 70 3936 284 20978 116 54646 711 15746 597 96411 863 64116 502 24184 6 40443 486 13037 977 75347 694 85610 234 23478 786 80973 790 20879 210 33736
75 20 6616 14 53946 213 29542 453 87550 520 93226 96 88930 368 61986 935 41948 134 94040 706 90288 39 59584 188 70786 628 91223 178 38108 403 14416 775 78771 155 13395 824 29471 616 79866 539 53612 487 12707
76 20 8564 133 56802 489 90451 328 70709 394 18068 67 34878 564 90398 620 12312 698 18481 617 28656 156 94624 648 69815 996 67352 628 80742 606 57757 759 47976 889 9588 363 69213 723 92937 460 80867 567 59198
77 20 10583 418 7943 629 44632 360 56807 884 63643 779 40822 785 61264 810 56484 691 12370 906 20737 512 81409 909 40763 797 13097 903 54436 701 24613 520 56468 432 1458 506 34638 717 95330 527 2240 443 89111
78 20 5270 118 73477 337 78084 969 48265 279 54976 360 70981 524 29849 299 16355 41 93174 382 93809 505 80854 769 96862 3 55635 663 16405 101 69538 148 75990 431 78535 226 4288 147 38275 207 44101 79 64615
79 20 7287 884 72551 14 39830 401 81527 559 54500 311 88096 402 9733 260 46509 563 47694 615 77982 134 45824 387 23279 310 45714 601 65235 400 23019 700 42961 116 19648 611 42360 558 27100 459 55744 824 15257
80 20 7628 353 95470 1 62188 960 45068 80 8202 874 25724 585 6654 906 40090 676 56904 802 46041 128 78992 284 30120 401 9489 140 95023 24 8281 648 19010 519 69021 902 86542 768 72235 324 31622 160 11217
81 20 8128 32 45921 697 87164 730 21628 342 48963 409 64387 231 27669 663 68419 473 63440 681 71012 747 17165 328 42410 656 25119 486 38244 353 95561 245 27721 958 28514 471 31811 788 63951 69 39496 801 47412
82 20 8680 694 24758 3 59930 760 12290 786 50486 309 61466 231 94958 728 53190 368 11913 669 60923 190 97823 974 86522 41 83893 571 90412 991 69448 285 77284 795 79978 911 31010 144 46829 663 12842 738 63592
83 20 6429 142 79512 760 72983 113 17621 792 8591 1000 8062 114 26244 43 30615 359 82814 274 5834 658 66884 607 95549 777 750 494 17952 239 98491 789 41027 224 45895 367 11220 238 34856 3 12470 44 74703
84 20 8471 259 3620 63 78336 604 93846 578 28251 1000 4912 397 86480 306 57758 434 66480 485 42476 593 23799 766 96332 710 30772 48 12145 288 79620 805 92776 698 60775 678 82182 748 15559 810 77890 319 21692
85 20 8236 517 54987 162 20409 503 4376 650 68967 251 54984 270 24794 33 57017 204 16320 778 31503 754 39998 952 99561 439 97442 694 8828 915 76441 325 38378 859 91522 858 72821 193 4994 660 95383 278 31852
86 20 9179 197 960 765 34247 80 20332 565 72784 824 44760 567 30707 514 35097 757 75958 191 62157 370 61331 336 17551 779 40550 901 90163 699 97304 289 81969 757 72542 445 71306 984 9285 929 23539 525 80125
87 20 9287 203 83973 673 32872 919 78012 635 91134 110 14575 680 10967 465 80774 281 96587 798 5673 713 87293 522 81462 584 87925 967 69569 957 63417 103 45459 676 21413 857 7468 159 89247 325 8439 982 91995
88 20 8890 937 43274 702 59682 83 65745 638 64233 537 50431 109 50978 861 71807 498 87250 431 10598 571 86506 507 86659 944 58809 291 37650 529 81649 535 17654 763 55590 578 73026 804 45447 736 15457 59 76547
89 20 6819 247 50851 4 68283 767 16842 677 4748 31 83098 910 95009 256 4646 168 579 827 8209 462 41944 626 73740 158 83763 26 74664 899 58792 199 25790 644 27712 456 42097 77 53370 370 10371 720 85149
90 20 7198 256 41378 403 37455 203 47441 544 64484 752 62394 354 20009 166 31587 805 61767 137 43444 68 48427 913 26051 112 82873 239 50510 53 5327 960 23939 239 16000 667 32015 948 9287 473 18288 706 21611
91 20 8878 211 13510 605 84651 297 37895 906 82774 948 60239 292 14723 859 15301 802 46176 299 89869 600 66135 107 81347 826 71214 901 71079 330 5883 230 63157 937 69464 365 79846 154 78772 895 87565 534 8436
92 20 8690 483 78496 842 14581 566 74987 653 43063 441 88291 204 96110 410 18564 151 79811 869 45806 848 73274 595 47129 673 74787 970 7994 442 42448 192 56981 139 22041 942 40691 545 39299 610 92752 288 69802
93 20 9347 706 97385 884 27356 871 43075 872 92904 9 371 939 39839 324 61441 949 96126 846 23436 632 62112 189 66661 771 80940 743 97203 148 39400 377 99582 378 71852 200 50968 909 25677 273 38880 664 6430
94 20 8839 662 97783 570 11562 915 97916 714 2261 731 74820 186 80006 846 23540 220 95221 798 888 533 89814 151 61029 272 80857 517 69944 237 37173 447 45468 803 65193 882 1987 941 89956 561 79865 63 61297
95 20 8319 318 18368 47 15597 870 93347 608 32764 511 68859 303 5119 264 13548 286 91381 86 32154 587 59718 747 46377 941 27089 799 51081 445 63495 225 17922 621 70537 836 48763 471 59914 665 4810 769 7321
96 20 8101 838 59481 229 16704 669 42050 316 15778 966 42330 434 99729 531 41144 34 26298 233 9855 282 78330 772 21960 757 45666 578 99680 303 34519 781 93247 817 36840 493 58729 271 89349 18 87725 805 81408
97 20 7788 929 60589 734 17195 85 52508 377 90371 559 68346 881 53388 477 91821 103 76599 700 78027 46 59795 796 18144 273 77117 262 27765 518 74637 251 90195 88 60988 889 40353 712 35903 702 7739 354 12346
98 20 6336 544 98775 298 7457 342 68370 739 5174 687 84424 60 86096 101 61268 101 53452 255 29773 876 79340 464 47333 648 81680 446 66706 106 63422 78 63271 973 22649 254 12648 77 47580 247 90573 624 82167
99 20 8542 693 35866 848 95301 462 82544 709 80644 402 98503 53 54356 720 87921 895 66033 660 73059 167 42072 229 81041 502 63013 612 54923 42 12425 949 192 190 13043 870 73248 802 29012 21 91063 852 29304
100 20 7872 379 15439 395 61997 12 49918 434 60905 371 74884 437 72369 183 62698 947 81896 267 57164 975 69336 251 99986 373 53272 456 4715 924 12140 503 18014 100 49336 345 5336 806 78022 824 11836 859 44786
