1 20 7132 144 60 172 22570 808 1861 595 41672 109 12911 216 14731 586 5981 602 12093 61 28391 856 22831 269 45050 951 30806 977 28252 29 4417 28 38779 547 25676 660 23470 731 9989 486 30484 89 20044
2 20 6564 89 39988 702 25281 297 34485 32 32812 936 25964 334 6473 30 42593 671 8462 572 27383 350 9435 602 48867 640 39493 166 46805 59 41608 829 3462 354 14651 654 37020 162 43843 530 11707 197 33711
3 20 8624 298 42696 549 47149 629 47674 956 10646 588 43095 535 41610 199 10757 951 21337 592 3338 345 3556 270 32456 634 35387 701 12393 86 48100 477 30318 743 22689 782 37523 691 15322 708 40602 46 22371
4 20 7223 152 6887 543 34606 780 23278 867 36099 539 16600 198 30987 350 45213 316 8727 768 5361 330 6838 471 28543 305 34089 818 36987 102 47453 666 2355 322 49056 379 39742 219 4998 643 19571 261 46615
5 20 7516 313 46369 927 25783 437 33592 638 47163 966 10360 202 28738 801 38460 774 36502 68 41943 228 30850 484 5074 776 38610 138 44287 773 45258 96 43290 639 20438 553 9193 260 20583 161 31388 162 37696
6 20 7569 382 44331 791 39787 605 3213 99 23791 188 45188 558 39158 634 34580 475 43554 399 38425 132 36649 770 29288 63 19144 948 13251 125 31846 454 13180 796 14135 435 33760 44 44472 645 26383 919 11581
7 20 8570 646 43839 324 2789 660 8505 575 28802 809 32849 242 17128 114 29907 502 43126 980 37527 642 42631 586 15405 698 41264 471 18734 430 17040 281 42448 167 28914 933 9693 990 35205 265 25854 398 25139
8 20 8542 980 22843 992 9230 911 43726 553 21118 185 11589 226 14951 463 11113 434 47176 218 38813 408 12216 943 3711 909 15906 663 45830 859 8271 80 15004 387 35018 97 9143 710 25522 281 41236 379 31540
9 20 7435 841 22949 925 17669 10 3348 807 5166 559 16578 361 26660 223 22392 631 7845 295 26409 203 49041 288 22491 789 4177 124 39202 167 24485 801 41116 71 23976 52 40474 822 20063 468 22663 857 42217
10 20 7932 990 35516 403 40642 615 22193 256 11829 366 14822 406 12142 927 44452 947 33463 498 15592 173 3091 225 19175 150 5938 509 40287 870 16258 498 21124 789 21990 701 40044 385 35902 88 13688 119 22133
11 20 7684 300 28606 110 13129 604 20029 234 43931 378 46999 386 48057 622 23059 500 2094 659 357 928 12110 269 16451 348 33824 910 14756 258 49653 340 15825 98 180 945 28353 642 15967 933 8485 142 14145
12 20 8707 918 42556 54 14415 817 4605 58 1678 253 48759 313 19572 599 731 276 9553 746 40016 895 49993 324 259 788 21450 898 18917 260 10444 632 4877 963 17797 660 324 332 21412 774 15762 324 49053
13 20 8785 1 10330 928 26802 489 3536 150 26618 706 39036 839 27832 348 3319 963 30083 120 38641 557 7533 632 44773 875 23591 386 13875 836 23578 501 11048 321 38228 730 9660 141 32262 867 48602 592 44072
14 20 8876 591 22363 151 44172 653 45187 473 15067 955 18778 999 29729 635 24044 658 4108 673 38310 590 8194 957 9362 228 12404 524 8598 494 48019 473 7624 420 8233 440 5944 505 29695 291 10481 385 45576
15 20 8817 421 38360 120 40733 362 38964 921 34838 633 44791 799 8416 898 2511 851 39414 415 20341 100 18765 695 21925 898 36154 393 7499 736 41294 536 43834 163 47901 116 45169 798 122 751 39855 416 43234
16 20 7191 75 45729 318 11867 711 2743 413 46960 935 41994 595 1933 200 16680 820 15794 688 43317 11 42987 4 18788 233 14842 297 8013 779 9960 903 39338 168 9858 657 22458 782 46274 165 19693 235 20540
17 20 8125 412 14842 59 39471 409 20725 955 9593 564 788 798 48913 280 37679 141 6746 430 13629 626 43432 794 45449 514 23236 751 14920 738 17868 543 48337 349 30630 33 22970 863 15766 861 28780 37 6640
18 20 8490 933 20017 857 43505 688 23070 894 30813 202 9098 452 949 716 26307 630 24678 675 22524 91 30946 522 20535 273 46208 530 5882 768 12034 33 36181 105 26203 187 38927 568 2105 977 28319 512 45382
19 20 7618 141 31045 144 25202 365 25574 931 15817 75 29608 176 6423 749 17768 284 10776 526 6689 39 43412 470 42426 661 46249 820 22814 737 41642 913 7064 783 34691 506 13035 230 15975 458 15326 515 44138
20 20 6040 36 26334 913 18157 230 3209 757 28468 946 40581 720 11771 262 21787 130 33229 371 45276 228 27856 57 19021 4 23553 43 43758 376 18183 506 23202 606 21403 185 38510 502 13338 19 7948 659 43925
21 20 7784 67 12351 117 41871 973 13018 419 43400 816 47354 572 44882 612 6095 123 23182 246 26974 485 16552 57 33658 309 8263 280 28474 996 34344 237 7838 873 37110 990 32747 950 29950 78 32581 530 34641
22 20 9176 428 24681 734 3571 846 12924 715 45759 812 44065 372 14655 967 11416 965 26500 899 29730 462 4019 344 32600 687 3955 676 2786 637 128 323 21548 551 1185 256 25901 757 17863 20 38714 19 40927
23 20 7427 568 35378 640 48358 7 32606 970 12410 118 13390 607 4664 754 49543 82 18356 573 49544 375 46932 648 24796 9 25773 100 44931 288 36731 457 46246 75 1596 620 24197 944 14003 735 43450 714 24437
24 20 8076 24 20403 722 29335 300 20369 577 44580 768 6668 530 15705 713 48933 131 38800 112 31492 623 19281 632 46504 676 37032 134 23401 875 45340 525 6073 495 16271 771 6474 815 48779 537 24654 135 20275
25 20 8329 37 4944 747 15543 793 5915 858 11825 391 26511 320 46177 828 37641 682 27560 426 46614 297 8347 966 19856 369 10003 997 667 381 41936 450 16410 480 28023 542 48402 540 27552 288 6993 20 26975
26 20 7537 792 12046 992 6672 304 22365 866 48570 115 41803 81 23246 642 16783 84 40982 512 45405 389 46653 155 49924 828 39166 789 44154 978 22504 364 18472 89 43198 762 6139 447 19476 15 39888 218 1834
27 20 7215 766 43503 165 12775 158 46580 457 1160 535 24982 673 37774 18 19649 289 31727 387 35974 459 17374 398 10641 857 630 766 49139 411 22808 900 49531 580 23656 179 39182 716 46188 141 45445 164 32829
28 20 7041 63 42384 338 44415 674 10845 420 14605 156 24767 197 25180 790 35984 325 14937 658 31855 90 44959 84 17444 341 20280 439 21496 81 35226 851 6482 678 47518 56 2606 914 23312 738 9908 909 24154
29 20 8681 946 26482 871 3895 928 32687 301 45790 895 5532 840 19154 402 41910 850 33226 454 6982 507 41773 920 48250 125 17717 174 25965 7 33617 578 5046 222 36783 302 43153 84 47807 533 6889 913 35150
30 20 8026 345 7819 222 24047 425 3740 149 21383 453 46009 128 25109 334 38548 548 17845 522 30175 574 14892 539 34724 316 35269 625 47398 989 19464 931 5352 856 22880 728 13548 502 24304 482 25398 365 39344
31 20 8315 976 5819 677 32115 181 36758 803 24966 556 29169 381 17939 469 31928 476 48381 300 21089 597 37506 188 1008 700 16671 946 30712 114 49575 389 41996 142 13651 856 11251 113 5772 724 5499 806 32275
32 20 7528 371 49665 439 33775 516 28056 754 30272 31 10 157 29606 36 27721 790 41291 658 34703 346 16080 580 29812 1000 38305 5 19071 927 37553 583 38983 224 2594 401 542 636 7704 705 45945 252 39133
33 20 6997 895 26890 217 12171 633 45950 586 24468 25 32201 648 9322 912 6136 180 37701 432 2286 303 27381 976 33478 96 25609 100 48920 397 8378 90 41888 272 39181 248 13101 199 37946 730 35229 808 37415
34 20 7076 181 8929 254 18535 483 48369 392 49642 998 23221 315 43925 591 27861 221 5467 153 9385 38 34021 895 25799 51 17576 727 45299 346 27108 686 23588 720 42495 480 23672 515 4072 196 37856 604 47423
35 20 5743 315 2628 772 43994 315 19708 80 25498 538 39669 8 22941 369 29900 366 33312 346 41661 426 6249 257 49428 567 36196 463 8980 796 35449 84 10407 246 48867 675 2658 187 26598 244 31866 125 19646
36 20 8767 824 18174 574 1992 547 166 448 32149 260 29213 306 12301 800 3250 756 35626 555 16253 677 39557 978 48428 164 45878 916 7262 360 23329 209 10360 278 36801 974 1051 376 33472 579 47344 378 18418
37 20 6663 187 22328 79 9840 461 31765 943 41113 219 35185 299 6612 526 31385 645 37015 369 11966 107 12769 548 36849 16 30168 654 2706 490 12212 384 11464 874 32898 703 24655 170 37417 187 45277 468 47248
38 20 10177 842 28322 532 43941 606 892 303 8470 901 49771 799 8143 416 5106 9 17747 973 8705 976 47898 614 7744 964 35110 490 40572 372 3439 938 777 630 37408 549 11576 540 40615 422 2663 846 32068
39 20 6692 411 40008 326 31218 961 17461 41 7347 276 47965 721 31551 269 32114 913 21310 545 47575 366 1851 59 20523 780 26126 400 15026 292 12786 118 35281 180 18368 868 1649 41 24625 205 7820 594 42436
40 20 7884 872 43947 465 34551 367 11330 940 19580 419 45893 511 27061 500 39452 840 1897 183 33060 397 24317 737 4215 197 20575 337 44167 348 13736 933 45844 1 27610 484 16400 51 31927 726 1081 548 40421
41 20 8112 407 27619 453 10629 132 9613 50 12985 323 33747 180 28438 518 30744 916 49084 886 18667 152 31553 688 10838 801 21741 983 6976 800 18916 434 31888 138 24846 711 16670 624 31530 733 6966 211 35900
42 20 8701 982 22831 806 2818 804 36019 662 12710 650 11450 251 20712 9 27838 398 15500 15 13280 618 43962 951 40644 201 31791 685 15162 101 44282 979 18711 386 28000 683 10716 201 11444 569 30204 926 27241
43 20 9172 427 7674 941 37239 998 23118 961 38734 20 18414 865 20312 50 24518 753 18917 584 41191 11 19075 726 2218 473 1596 116 20175 500 29042 914 37187 478 22421 742 10561 350 25407 935 17097 621 8918
44 20 10510 372 40634 907 28117 941 15686 841 10815 699 38507 703 1582 898 19691 760 30797 854 4104 537 24453 596 33072 131 10028 400 8961 840 20469 385 23451 978 3076 765 7524 69 35827 538 12605 924 22554
45 20 7640 332 46045 939 10670 24 39985 256 7058 998 35204 769 43723 828 7917 367 9901 44 43107 162 21486 331 23212 601 30354 5 42508 803 46367 600 32359 49 2490 427 44171 763 9488 849 21255 403 18345
46 20 7182 272 315 653 2220 341 3438 586 41153 605 32524 315 25753 340 14478 321 31618 816 456 447 19786 475 39825 540 12217 589 30129 374 14017 259 13944 398 44879 124 1096 377 39516 506 30439 640 21648
47 20 9545 906 7702 370 4856 789 35609 262 38882 825 1975 326 22137 619 16868 325 4950 971 20942 824 33125 370 3249 554 30736 701 36300 904 6048 747 41258 387 13380 865 23006 62 48168 845 286 280 28173
48 20 6924 501 25527 100 46336 741 15993 45 4656 991 21789 209 31849 113 44724 577 13472 51 30727 160 28882 697 48575 194 41960 558 10775 843 9547 728 483 345 33266 628 7948 150 49409 652 37992 373 6405
49 20 6702 294 35038 184 5350 216 42185 662 38260 95 47896 343 27001 11 23652 869 25301 894 29843 522 9297 365 38956 84 4032 456 16069 625 6923 449 8906 7 25777 174 35722 915 31593 302 27848 911 26414
50 20 6248 182 23700 713 3572 717 23148 218 26668 433 2520 685 22337 801 26694 651 27495 10 27198 162 25229 407 33157 407 35513 55 570 146 14201 863 21415 746 43998 248 2916 125 42440 75 17328 167 34817
51 20 8982 390 44483 806 49145 538 3678 959 32368 653 33693 199 1589 866 40443 294 10569 992 10851 647 29302 359 38096 811 15066 95 12814 397 36771 936 37147 962 36874 937 5962 258 30325 37 41969 92 35467
52 20 7933 688 35335 606 31275 71 33537 415 40141 345 20311 700 47640 563 23675 833 40451 489 11605 336 42178 242 20668 482 42598 642 14626 78 40256 798 11248 930 9988 106 9947 640 17943 556 36625 397 17062
53 20 7685 174 23089 662 33374 824 42158 280 22004 668 33347 430 29280 577 12928 3 46640 981 44405 329 42063 816 28265 768 1657 564 43053 361 6129 549 41463 10 22760 357 28948 382 28259 751 29141 121 27027
54 20 7960 880 27965 934 35524 840 40704 10 10084 143 27250 319 38715 585 20081 315 21282 386 40636 17 49993 676 34857 141 10283 569 8015 709 15592 771 43872 724 13678 743 33542 681 23261 149 25182 359 40648
55 20 8004 209 37297 393 35260 795 5884 1 42847 545 25889 756 24622 944 23912 288 7488 131 29846 719 34763 350 2802 890 6320 37 33785 407 4375 729 27255 945 26389 140 8828 558 25750 620 19504 549 47565
56 20 8173 864 12431 569 943 364 16860 374 21119 332 31161 859 29849 694 34411 126 2408 795 15550 150 35896 185 16801 884 3125 973 12523 887 4643 158 30889 145 5247 296 12308 513 49201 848 19317 201 152
57 20 6588 93 5585 65 15702 178 32588 405 42951 329 15204 622 19831 744 8782 173 22063 877 7726 512 14252 334 6 667 33472 478 25246 445 47609 150 16998 501 13797 483 19315 495 17984 151 18010 534 42872
58 20 7595 220 49785 389 41386 529 37023 493 17939 918 966 447 40517 37 42169 764 32413 376 35442 695 29265 714 28565 217 14866 378 75 156 39642 364 28435 853 35476 855 18862 182 45947 364 13996 543 48685
59 20 7506 176 32317 441 45261 935 46838 499 6826 84 11036 456 21470 343 6082 124 15887 996 31092 715 20924 612 14528 628 33496 497 44385 251 37549 580 42475 163 16152 472 33693 896 24608 101 6046 414 45132
60 20 7525 996 49523 298 26015 23 12447 358 11556 346 12226 461 11885 518 38644 844 15051 655 23885 361 45112 858 30200 215 38200 794 21508 70 41034 308 44686 205 7830 487 7041 436 48173 433 10679 741 34952
61 20 8189 469 23440 246 9157 309 29203 888 3633 599 330 434 31820 304 32494 544 44373 404 16782 717 12438 905 31869 237 16016 923 49132 425 14415 535 1955 304 32198 758 13820 1 4425 253 41293 982 36855
62 20 6449 160 21490 55 8909 975 37709 690 38414 380 35531 478 21295 823 42883 262 19799 735 32107 653 18689 266 28543 859 8115 350 47277 395 11544 82 38995 31 46517 354 44444 30 6042 125 6062 359 17243
63 20 8622 288 49500 807 11631 445 49833 908 11926 536 36284 708 32085 17 3825 665 5429 42 47870 163 9059 522 11546 880 29349 665 42543 283 49683 980 11477 861 38051 650 12838 818 21111 177 11070 363 12253
64 20 7528 133 22210 11 28427 559 23739 266 20993 484 32346 606 5800 561 25687 935 13739 28 44503 631 28962 772 966 268 24298 742 19553 422 34663 330 45221 659 38626 650 19070 552 9129 617 36755 184 7208
65 20 6642 675 25325 924 45082 311 34077 356 23108 389 47729 125 22868 597 9967 543 17950 878 38962 224 23529 444 44640 535 46312 591 34646 12 27320 220 7848 475 28806 545 16809 183 14416 122 3700 154 29546
66 20 7888 101 17990 758 6101 832 15569 231 25097 100 16625 435 10671 155 15266 453 40464 847 34222 838 11257 850 24308 824 6135 98 20420 433 2562 783 33014 629 13734 423 30892 34 33762 134 45790 902 7428
67 20 9096 729 4195 817 47129 791 32018 815 46372 70 21504 147 13803 883 1466 378 4745 123 29570 234 33810 186 46694 802 19064 973 45900 737 8196 370 31482 796 31692 459 45685 629 432 747 38594 685 3227
68 20 7643 648 38271 449 41170 675 29673 176 13243 858 4952 138 37806 491 47143 990 18697 142 20022 498 17538 98 41768 615 4149 469 49698 804 44968 480 17636 330 19541 724 36045 155 35407 55 47220 759 41546
69 20 6773 502 11602 101 40024 74 6531 971 21763 295 21236 595 16753 865 13003 203 47975 484 8933 271 23776 353 45344 483 2897 624 20439 961 8246 315 4928 808 40708 150 30967 104 39869 297 39867 11 37782
70 20 8445 995 3079 866 6646 295 43692 91 22017 265 10572 636 49839 909 47447 66 2867 103 41258 876 4414 850 25476 951 46016 977 4142 69 44931 319 38057 371 37349 114 2230 661 27871 956 40718 187 13319
71 20 6766 255 44509 625 33280 196 27856 287 26962 521 31781 5 35880 147 24349 343 44455 60 38113 352 16386 411 19661 820 11841 690 6677 646 2328 388 46672 340 5293 231 12507 695 33347 863 16861 583 18717
72 20 9027 348 28771 422 48924 801 2491 743 25022 969 48004 832 35126 409 26813 199 25594 316 6764 55 13954 234 14003 742 345 971 30042 791 47627 768 21196 300 13842 719 33452 853 41655 657 44276 155 18945
73 20 9064 950 33488 582 7297 289 8084 508 45282 281 31835 74 6765 453 1911 770 47127 873 32388 774 48210 856 25007 451 24232 550 29789 366 870 536 38520 976 5184 979 47011 592 33519 76 32884 394 12084
74 20 7486 216 40672 962 23495 186 12028 393 1545 275 7418 70 1968 284 10489 116 27323 711 7873 597 48206 863 32058 502 12092 6 20222 486 6519 977 37674 694 42805 234 11739 786 40487 790 10440 210 16868
75 20 6616 14 26973 213 14771 453 43775 520 46613 96 44465 368 30993 935 20974 134 47020 706 45144 39 29792 188 35393 628 45612 178 19054 403 7208 775 39386 155 6698 824 14736 616 39933 539 26806 487 6354
76 20 8564 133 28401 489 45226 328 35355 394 9034 67 17439 564 45199 620 6156 698 9241 617 14328 156 47312 648 34908 996 33676 628 40371 606 28879 759 23988 889 4794 363 34607 723 46469 460 40434 567 29599
77 20 10583 418 3972 629 22316 360 28404 884 31822 779 20411 785 30632 810 28242 691 6185 906 10369 512 40705 909 20382 797 6549 903 27218 701 12307 520 28234 432 729 506 17319 717 47665 527 1120 443 44556
78 20 5270 118 36739 337 39042 969 24133 279 27488 360 35491 524 14925 299 8178 41 46587 382 46905 505 40427 769 48431 3 27818 663 8203 101 34769 148 37995 431 39268 226 2144 147 19138 207 22051 79 32308
79 20 7287 884 36276 14 19915 401 40764 559 27250 311 44048 402 4867 260 23255 563 23847 615 38991 134 22912 387 11640 310 22857 601 32618 400 11510 700 21481 116 9824 611 21180 558 13550 459 27872 824 7629
80 20 7628 353 47735 1 31094 960 22534 80 4101 874 12862 585 3327 906 20045 676 28452 802 23021 128 39496 284 15060 401 4745 140 47512 24 4141 648 9505 519 34511 902 43271 768 36118 324 15811 160 5609
81 20 8128 32 22961 697 43582 730 10814 342 24482 409 32194 231 13835 663 34210 473 31720 681 35506 747 8583 328 21205 656 12560 486 19122 353 47781 245 13861 958 14257 471 15906 788 31976 69 19748 801 23706
82 20 8680 694 12379 3 29965 760 6145 786 25243 309 30733 231 47479 728 26595 368 5957 669 30462 190 48912 974 43261 41 41947 571 45206 991 34724 285 38642 795 39989 911 15505 144 23415 663 6421 738 31796
83 20 6429 142 39756 760 36492 113 8811 792 4296 1000 4031 114 13122 43 15308 359 41407 274 2917 658 33442 607 47775 777 375 494 8976 239 49246 789 20514 224 22948 367 5610 238 17428 3 6235 44 37352
84 20 8471 259 1810 63 39168 604 46923 578 14126 1000 2456 397 43240 306 28879 434 33240 485 21238 593 11900 766 48166 710 15386 48 6073 288 39810 805 46388 698 30388 678 41091 748 7780 810 38945 319 10846
85 20 8236 517 27494 162 10205 503 2188 650 34484 251 27492 270 12397 33 28509 204 8160 778 15752 754 19999 952 49781 439 48721 694 4414 915 38221 325 19189 859 45761 858 36411 193 2497 660 47692 278 15926
86 20 9179 197 480 765 17124 80 10166 565 36392 824 22380 567 15354 514 17549 757 37979 191 31079 370 30666 336 8776 779 20275 901 45082 699 48652 289 40985 757 36271 445 35653 984 4643 929 11770 525 40063
87 20 9287 203 41987 673 16436 919 39006 635 45567 110 7288 680 5484 465 40387 281 48294 798 2837 713 43647 522 40731 584 43963 967 34785 957 31709 103 22730 676 10707 857 3734 159 44624 325 4220 982 45998
88 20 8890 937 21637 702 29841 83 32873 638 32117 537 25216 109 25489 861 35904 498 43625 431 5299 571 43253 507 43330 944 29405 291 18825 529 40825 535 8827 763 27795 578 36513 804 22724 736 7729 59 38274
89 20 6819 247 25426 4 34142 767 8421 677 2374 31 41549 910 47505 256 2323 168 290 827 4105 462 20972 626 36870 158 41882 26 37332 899 29396 199 12895 644 13856 456 21049 77 26685 370 5186 720 42575
90 20 7198 256 20689 403 18728 203 23721 544 32242 752 31197 354 10005 166 15794 805 30884 137 21722 68 24214 913 13026 112 41437 239 25255 53 2664 960 11970 239 8000 667 16008 948 4644 473 9144 706 10806
91 20 8878 211 6755 605 42326 297 18948 906 41387 948 30120 292 7362 859 7651 802 23088 299 44935 600 33068 107 40674 826 35607 901 35540 330 2942 230 31579 937 34732 365 39923 154 39386 895 43783 534 4218
92 20 8690 483 39248 842 7291 566 37494 653 21532 441 44146 204 48055 410 9282 151 39906 869 22903 848 36637 595 23565 673 37394 970 3997 442 21224 192 28491 139 11021 942 20346 545 19650 610 46376 288 34901
93 20 9347 706 48693 884 13678 871 21538 872 46452 9 186 939 19920 324 30721 949 48063 846 11718 632 31056 189 33331 771 40470 743 48602 148 19700 377 49791 378 35926 200 25484 909 12839 273 19440 664 3215
94 20 8839 662 48892 570 5781 915 48958 714 1131 731 37410 186 40003 846 11770 220 47611 798 444 533 44907 151 30515 272 40429 517 34972 237 18587 447 22734 803 32597 882 994 941 44978 561 39933 63 30649
95 20 8319 318 9184 47 7799 870 46674 608 16382 511 34430 303 2560 264 6774 286 45691 86 16077 587 29859 747 23189 941 13545 799 25541 445 31748 225 8961 621 35269 836 24382 471 29957 665 2405 769 3661
96 20 8101 838 29741 229 8352 669 21025 316 7889 966 21165 434 49865 531 20572 34 13149 233 4928 282 39165 772 10980 757 22833 578 49840 303 17260 781 46624 817 18420 493 29365 271 44675 18 43863 805 40704
97 20 7788 929 30295 734 8598 85 26254 377 45186 559 34173 881 26694 477 45911 103 38300 700 39014 46 29898 796 9072 273 38559 262 13883 518 37319 251 45098 88 30494 889 20177 712 17952 702 3870 354 6173
98 20 6336 544 49388 298 3729 342 34185 739 2587 687 42212 60 43048 101 30634 101 26726 255 14887 876 39670 464 23667 648 40840 446 33353 106 31711 78 31636 973 11325 254 6324 77 23790 247 45287 624 41084
99 20 8542 693 17933 848 47651 462 41272 709 40322 402 49252 53 27178 720 43961 895 33017 660 36530 167 21036 229 40521 502 31507 612 27462 42 6213 949 96 190 6522 870 36624 802 14506 21 45532 852 14652
100 20 7872 379 7720 395 30999 12 24959 434 30453 371 37442 437 36185 183 31349 947 40948 267 28582 975 34668 251 49993 373 26636 456 2358 924 6070 503 9007 100 24668 345 2668 806 39011 824 5918 859 22393
