1 20 712572 14358 2 17142 452 80793 38 59442 834 10860 259 21594 295 58505 120 60120 242 6035 568 85561 457 26870 901 95029 617 97685 566 2894 89 2787 776 54667 514 65930 470 73022 200 48523 610 8899 401
2 20 655689 8819 800 70179 506 29616 690 3164 657 93532 520 33332 130 2975 852 67037 170 57106 548 34981 189 60105 978 63960 790 16595 937 5858 833 82866 70 35301 294 65385 741 16198 877 52947 235 19656 675
3 20 861651 29737 854 54884 943 62801 954 95504 213 58716 862 53475 833 19813 216 95065 427 59145 67 34483 72 26965 650 63353 708 70038 248 8594 962 47692 607 74250 454 78160 751 69070 307 70723 813 4596 448
4 20 721660 15189 138 54213 693 77994 466 86669 722 53825 332 19777 620 34999 905 31539 175 76784 108 32925 137 47096 571 30419 682 81798 740 10118 950 66568 48 32148 982 37890 795 21880 100 64203 392 26042 933
5 20 750940 31252 928 92618 516 43669 672 63766 944 96556 208 20133 575 80006 770 77389 731 6790 839 22748 617 48378 102 77572 773 13729 886 77224 906 9585 866 63850 409 55277 184 25967 412 16001 628 16166 754
6 20 756218 38119 887 79054 796 60473 65 9879 476 18760 904 55730 784 63374 692 47481 872 39867 769 13132 733 76968 586 6253 383 94797 266 12434 637 45347 264 79583 283 43411 676 4313 890 64460 528 91838 232
7 20 856361 64576 877 32364 56 65936 171 57479 577 80815 657 24187 343 11382 599 50131 863 97978 751 64114 853 58574 309 69763 826 47099 375 42953 341 28003 849 16683 579 93278 194 98953 705 26455 518 39729 503
8 20 853453 97955 457 99200 185 91071 875 55278 423 18425 232 22558 300 46281 223 43335 944 21778 777 40740 245 94219 75 90811 319 66270 917 85848 166 7985 301 38627 701 9671 183 70938 511 28021 825 37806 631
9 20 742680 84075 459 92474 354 996 67 80652 104 55867 332 36028 534 22247 448 63061 157 29408 529 20264 981 28740 450 78883 84 12321 785 16659 490 80018 823 7002 480 5129 810 82110 402 46718 454 85699 845
10 20 792318 98999 711 40202 813 61407 444 25573 237 36525 297 40552 243 92680 890 94644 670 49763 312 17256 62 22462 384 14994 119 50820 806 86911 326 49728 423 78809 440 70004 801 38418 719 8768 274 11883 443
11 20 767851 29976 573 10925 263 60363 401 23396 879 37705 940 38594 962 62167 462 49957 42 65835 8 92800 243 26812 330 34754 677 90990 296 25756 994 33992 317 9758 4 94475 568 64161 320 93206 170 14192 283
12 20 870212 91791 852 5389 289 81616 93 5797 34 25287 976 31291 392 59824 15 27597 192 74557 801 89497 1000 32397 6 78716 429 89722 379 26000 209 63173 98 96285 356 65959 7 33200 429 77335 316 32332 982
13 20 877727 5 207 92761 537 48873 71 14903 533 70550 781 83845 557 34767 67 96283 602 11943 773 55670 151 63163 896 87451 472 38518 278 83597 472 50077 221 32018 765 72948 194 14018 646 86603 973 59166 882
14 20 887114 59098 448 15034 884 65258 904 47277 302 95489 376 99881 595 63411 481 65780 83 67257 767 59000 164 95605 188 22731 249 52396 172 49391 961 47298 153 41995 165 43990 119 50454 594 29065 210 38483 912
15 20 880945 42028 768 11944 815 36121 780 92018 697 63274 896 79897 169 89772 51 85008 789 41459 407 9989 376 69419 439 89758 724 39248 150 73582 826 53579 877 16225 959 11524 904 79713 3 75030 798 41594 865
16 20 718281 7489 915 31772 238 71038 55 41223 940 93403 840 59449 39 19990 334 81905 316 68759 867 1040 860 327 376 23258 297 29615 161 77810 200 90241 787 16783 198 65635 450 78190 926 16455 394 23470 411
17 20 811762 41134 297 5861 790 40840 415 95500 192 56392 16 79740 979 27972 754 14004 135 42997 273 62566 869 79314 909 51306 465 75059 299 73745 358 54291 967 34828 613 3216 460 86299 316 86014 576 3625 133
18 20 848287 93259 401 85655 871 68764 462 89306 617 20187 182 45107 19 71538 527 62907 494 67448 451 9079 619 52170 411 27274 925 52955 118 76798 241 3296 724 10432 525 18688 779 56732 43 97654 567 51110 908
19 20 760980 14077 621 14337 505 36424 512 93096 317 7405 593 17531 129 74846 356 28365 216 52524 134 3825 869 46984 849 66009 925 81911 457 73608 833 91246 142 78287 694 50513 261 22980 320 45765 307 51492 883
20 20 603456 3594 527 91281 364 22974 65 75615 570 94593 812 71988 236 26182 436 12963 665 37061 906 22798 558 5609 381 380 472 4245 876 37521 364 50578 465 60574 429 18452 771 50178 267 1895 159 65840 879
21 20 777387 6636 248 11607 838 97263 261 41875 868 81536 948 57145 898 61154 122 12256 464 24519 540 48427 332 5668 674 30834 166 27945 570 99537 687 23605 157 87267 743 98915 655 94935 599 7701 652 52909 693
22 20 916816 42765 494 73342 72 84590 259 71404 916 81120 882 37142 294 96693 229 96473 530 89892 595 46111 81 34361 652 68695 80 67525 56 63687 3 32203 431 55062 24 25507 519 75666 358 1935 775 1847 819
23 20 742062 56765 708 63965 968 624 653 96921 249 11794 268 60687 94 75322 991 8200 368 57299 991 37450 939 64773 496 810 516 9997 899 28778 735 45621 925 7430 32 61983 484 94318 281 73486 869 71355 489
24 20 806940 2370 409 72124 587 29958 408 57666 892 76770 134 52989 315 71270 979 13085 776 11165 630 62297 386 63139 931 67543 741 13340 469 87433 907 52435 122 49470 326 77096 130 81416 976 53663 494 13447 406
25 20 832070 3643 99 74680 311 79218 119 85800 237 39032 531 31923 924 82753 753 68141 552 42512 933 29611 167 96512 398 36837 201 99608 14 38030 839 44933 329 47960 561 54183 969 53973 552 28742 140 1997 540
26 20 753094 79144 241 99165 134 30343 448 86540 972 11464 837 8079 465 64111 336 8359 820 51184 909 38869 934 15410 999 82757 784 78899 884 97772 451 36378 370 8832 864 76177 123 44638 390 1481 798 21766 37
27 20 720747 76585 871 16500 256 15797 932 45635 24 53404 500 67244 756 1709 393 28826 635 38620 720 45900 348 39764 213 85665 13 76508 983 41034 457 89941 991 57996 474 17841 784 71572 924 14044 909 16349 657
28 20 703470 6267 848 33709 889 67399 217 41921 293 15585 496 19674 504 78985 720 32406 299 65749 638 8951 900 8348 349 34040 406 43877 430 8058 705 85098 130 67783 951 5573 53 91364 467 73717 199 90834 484
29 20 867189 94543 530 87037 78 92756 654 30010 916 89443 111 83915 384 40173 839 84953 665 45366 140 50688 836 91941 965 12442 355 17301 520 602 673 57716 101 22109 736 30140 864 8305 957 53257 138 91290 703
30 20 801936 34431 157 22149 481 42494 75 14859 428 45214 921 12752 503 33397 771 54722 357 52139 604 57397 298 53896 695 31535 706 62500 948 98808 390 93011 108 85543 458 72760 271 50173 487 48152 508 36488 787
31 20 830919 97579 117 67697 643 18073 736 80204 500 55566 584 38091 359 46881 639 47586 968 29991 422 59665 751 18737 21 69954 334 94588 615 11384 992 38862 840 14164 274 85552 226 11210 116 72363 110 80502 646
32 20 752039 37093 994 43856 676 51549 562 75397 606 3061 1 15618 593 3561 555 78932 826 65750 695 34517 322 57950 597 99914 767 403 382 92629 752 58257 780 22359 52 40045 11 63552 155 70475 919 25131 783
33 20 698819 89492 538 21632 244 63295 919 58551 490 2402 645 64773 187 91115 123 17902 755 43172 46 30204 548 97557 670 9531 513 9909 979 39657 168 8969 838 27171 784 24714 263 19847 759 72911 705 80720 749
34 20 706812 18084 179 25395 371 48285 968 39129 993 99741 465 31426 879 59015 558 22041 110 15219 188 3722 681 89430 516 5066 352 72612 906 34517 543 68530 472 71990 850 47943 474 51458 82 19596 758 60317 949
35 20 573544 31497 53 77102 880 31462 395 7937 510 53737 794 784 459 36871 598 36558 667 34514 834 42583 125 25622 989 56649 724 46216 180 79527 709 8374 209 24523 978 67494 54 18616 532 24396 638 12469 393
36 20 875797 82317 364 57324 40 54664 4 44716 643 25920 585 30504 247 79956 65 75597 713 55458 326 67629 792 97798 969 16348 918 91515 146 35969 467 20816 208 27791 737 97351 22 37508 670 57815 947 37751 369
37 20 665471 18620 447 7828 197 46068 636 94258 823 21854 704 29883 133 52547 628 64406 741 36834 240 10632 256 54722 737 1572 604 65338 55 48970 245 38378 230 87349 658 70209 494 16919 749 18663 906 46789 945
38 20 1017003 84159 567 53176 879 60545 18 30273 170 90059 996 79890 163 41566 103 895 355 97212 175 97550 958 61359 155 96323 703 48910 812 37185 69 93765 16 62916 749 54876 232 53949 813 42124 54 84522 642
39 20 668434 41032 801 32562 625 96051 350 4088 147 27513 960 72064 632 26889 643 91205 427 54492 952 36526 38 5802 411 77916 523 39937 301 29136 256 11716 706 17962 368 86794 33 4033 493 20442 157 59383 849
40 20 787528 87143 879 46490 692 36626 227 93906 392 41893 918 51019 542 49939 790 83923 38 18217 662 39672 487 73626 85 19602 412 33607 884 34767 275 93245 917 31 553 48354 328 5045 639 72579 22 54726 809
41 20 810450 40612 553 45292 213 13179 193 4912 260 32216 675 17956 569 51792 615 91595 982 88576 374 15155 632 68797 217 80037 435 98296 140 79933 379 43362 638 13733 497 71018 334 62344 631 73248 140 21010 718
42 20 869362 98148 457 80586 57 80332 721 66110 255 64971 229 25008 415 828 557 39771 310 1442 266 61787 880 95014 813 20063 636 68458 304 10019 886 97846 375 38518 560 68255 215 20099 229 56854 605 92594 545
43 20 916293 42671 154 94051 745 99746 463 96063 775 1990 369 86477 407 4917 491 75256 379 58345 824 1055 382 72585 45 47228 32 11523 404 49987 581 91310 744 47733 449 74111 212 34914 509 93402 342 62003 179
44 20 1050313 37181 813 90632 563 94070 314 84054 217 69872 771 70254 32 89771 394 75907 616 85386 83 53692 490 59586 662 13008 201 39961 180 83902 410 38443 470 97799 62 76484 151 6836 717 53748 253 92306 452
45 20 763100 33191 921 93807 214 2319 800 25565 142 99704 705 76802 875 82729 159 36660 199 4314 863 16186 430 33090 465 60083 608 453 851 80249 928 59935 648 4866 50 42607 884 76210 190 84827 426 40279 367
46 20 717520 27177 7 65283 45 34071 69 58543 824 60464 651 31439 516 33960 290 32085 633 81588 10 44696 396 47411 797 53904 245 58854 603 37332 281 25858 279 39727 898 12327 22 37636 791 50549 609 63996 433
47 20 953636 90573 155 36929 98 78825 713 26182 778 82434 40 32507 443 61819 338 32498 99 97083 419 82365 663 36929 65 55308 615 70019 726 90344 121 74656 826 38643 268 86405 461 6153 964 84465 6 27908 564
48 20 691514 50032 511 9921 927 74007 320 4493 94 99027 436 20830 637 11259 895 57603 270 5026 615 15911 578 69665 972 19388 840 55706 216 84265 191 72752 10 34436 666 62789 159 14924 989 65107 760 37252 129
49 20 669468 29308 701 18363 107 21594 844 66118 766 9495 958 34268 541 1022 474 86813 507 89383 597 52152 186 36490 780 8370 81 45538 322 62432 139 44807 179 625 516 17338 715 91472 632 30152 557 91095 529
50 20 624200 18191 474 71290 72 71615 463 21714 534 43288 51 68475 447 80053 534 65085 550 920 544 16140 505 40688 664 40655 711 5401 12 14594 285 86297 429 74591 880 24718 59 12444 849 7453 347 16639 697
51 20 897448 38989 890 80519 983 53714 74 95843 648 65269 674 19852 32 86517 809 29360 212 99180 218 64678 587 35870 762 81042 302 9438 257 39620 736 93572 743 96166 738 93651 120 25729 607 3660 840 9142 710
52 20 792541 68754 707 60523 626 7088 671 41417 803 34440 407 69943 953 56201 474 83259 810 48877 233 33528 844 24184 414 48143 852 64198 293 7762 806 79734 225 92994 200 10525 199 63918 359 55579 733 39610 342
53 20 767936 17394 462 66189 668 82352 844 27954 441 66800 667 42980 586 57614 259 278 933 98053 889 32873 842 81535 566 76794 34 56378 862 36002 123 54858 830 982 456 35633 579 38184 566 75034 583 12034 541
54 20 795254 87901 560 93397 711 83970 815 943 202 14241 545 31828 775 58441 402 31487 426 38562 813 1642 1000 67576 698 14092 206 56881 161 70849 312 77052 878 72321 274 74203 671 68006 466 14825 504 35851 813
55 20 799703 20838 746 39214 706 79426 118 64 857 54424 518 75563 493 94342 479 28776 150 13034 597 71873 696 34997 57 88957 127 3665 676 40661 88 72836 546 94471 528 13988 177 55744 515 61918 391 54838 952
56 20 816596 86385 249 56849 19 36343 338 37362 423 33104 624 85809 597 69335 689 12580 49 79493 311 14927 718 18419 337 88372 63 97285 251 88652 93 15717 618 14427 105 29557 247 51288 985 84758 387 20083 4
57 20 657942 9239 112 6404 315 17774 652 40401 860 32831 305 62157 397 74368 176 17205 442 87626 155 51106 286 33393 1 66614 670 47732 505 44477 953 14903 340 50093 276 48258 387 49410 360 15077 361 53360 858
58 20 758676 21936 996 38860 828 52806 741 49251 359 91777 20 44667 811 3638 844 76305 649 37593 709 69486 586 71353 572 21670 298 37747 2 15514 793 36345 569 85298 710 85406 378 18158 919 36327 280 54208 974
59 20 749831 17559 647 44078 906 93495 937 49834 137 8337 221 45568 430 34210 122 12347 318 99577 622 71461 419 61126 291 62711 670 49645 888 25029 751 57910 850 16271 324 47156 674 89543 493 10042 121 41390 903
60 20 751811 99535 991 29761 521 2291 249 35741 232 34528 245 46009 238 51727 773 84357 302 65437 478 36077 903 85765 604 21482 764 79337 431 6935 821 30749 894 20472 157 48666 141 43597 964 43293 214 74005 700
61 20 818218 46887 469 24594 184 30897 585 88745 73 59881 7 43334 637 30335 650 54361 888 40305 336 71693 249 90431 638 23641 321 92282 983 42478 289 53484 40 30318 644 75740 277 22 89 25203 826 98142 738
62 20 644294 15965 430 5448 179 97472 755 68905 769 37980 711 47702 426 82293 858 26145 396 73499 643 65232 374 26596 571 85828 163 34998 946 39486 231 8191 780 3020 931 35310 889 2993 121 12415 122 35890 345
63 20 861524 28726 990 80648 233 44405 997 90753 239 53576 726 70798 642 1687 77 66426 109 4125 958 16277 182 52183 231 87975 587 66464 851 28220 994 97993 230 86027 762 65000 257 81716 423 17637 222 36270 246
64 20 751717 13295 445 1003 569 55802 475 26538 420 48340 647 60501 116 56032 514 93403 275 2713 891 63022 580 77169 20 26725 486 74136 392 42143 694 32910 905 65847 773 64967 382 55159 183 61619 736 18323 145
65 20 663524 67500 507 92381 902 31086 682 35560 463 38879 955 12453 458 59649 200 54227 359 87758 780 22398 471 44330 893 53421 927 59040 693 1198 547 21938 157 47408 577 54454 337 18272 289 12146 74 15308 591
66 20 788138 10061 360 75738 123 83155 312 23068 502 9985 333 43428 214 15433 306 45232 810 84694 685 83751 226 84968 487 82384 123 9800 409 43234 52 78258 661 62815 275 42269 618 3371 676 13363 916 90166 149
67 20 908868 72892 84 81677 943 79038 641 81492 928 6982 431 14608 277 88207 30 37714 95 12215 592 23324 677 18509 934 80180 382 97260 918 73665 164 36939 630 79556 634 45893 914 62808 9 74671 772 68455 65
68 20 763505 64784 766 44876 824 67493 594 17515 265 85796 100 13711 757 49084 943 98915 374 14194 401 49745 351 9716 836 61477 83 46837 994 80341 900 47916 353 32996 391 72308 721 15407 709 5438 945 75833 831
69 20 676689 50186 233 10066 801 7342 131 97089 436 29408 425 59490 336 86432 261 20277 960 48326 179 27089 476 35282 907 48296 58 62354 409 96038 165 31424 99 80774 815 14953 620 10345 798 29685 798 1006 756
70 20 843579 99486 62 86539 133 29421 874 9076 441 26417 212 63525 997 90817 949 6564 58 10239 826 87564 89 84922 510 95028 921 97610 83 6834 899 31822 762 37040 747 11375 45 66021 558 95526 815 18648 267
71 20 675852 25441 891 62453 666 19538 558 28625 540 52033 636 403 718 14636 487 34238 890 5923 763 35121 328 41065 394 81944 237 68978 134 64595 47 38733 934 33938 106 23097 251 69486 667 86269 338 58299 375
72 20 901856 34752 576 42165 979 80026 50 74270 501 96861 961 83166 703 40807 537 19895 512 31575 136 5446 280 23306 281 74113 7 97068 601 79057 953 76787 424 29948 277 71833 670 85201 834 65626 886 15418 379
73 20 905597 94918 670 58104 146 28886 162 50714 906 28075 637 7360 136 45288 39 76935 943 87245 648 77311 965 85558 501 45065 485 54916 596 36513 18 53551 771 97594 104 97837 941 59199 671 7547 658 39381 242
74 20 747946 21525 814 96187 470 18519 241 39261 31 27419 149 6975 40 28347 210 11589 547 71079 158 59644 965 86279 642 50185 242 599 405 48569 131 97648 754 69316 857 23370 235 78596 810 78911 209 20915 338
75 20 660832 1318 540 21218 296 45220 876 51960 933 9527 890 36760 620 93418 420 13388 941 70581 903 3839 596 18768 708 62762 913 17737 382 40266 145 77498 788 15458 134 82353 295 61553 799 53806 537 48610 128
76 20 855666 13251 569 48844 905 32719 708 39371 181 6636 349 56351 904 61932 124 69759 185 61651 287 15554 947 64756 699 99576 674 62771 808 60555 578 75890 480 88825 96 36281 693 72293 930 45925 809 56643 592
77 20 1057388 41790 80 62811 447 35904 569 88358 637 77823 409 78438 613 80924 565 69047 124 90514 208 51110 815 90831 408 79652 131 90259 545 70022 247 51941 565 43134 15 50599 347 71697 954 52653 23 44228 892
78 20 526313 11709 735 33697 781 96870 483 27827 550 35956 710 52339 299 29819 164 4086 932 38107 939 50452 809 76848 969 262 557 66293 165 10011 696 14784 760 43038 786 22595 43 14637 383 20685 442 7877 647
79 20 728009 88340 726 1369 399 40018 816 55821 545 31025 881 40173 98 25970 466 56265 477 61466 780 13357 459 38667 233 30938 458 60048 653 39991 231 69995 430 11536 197 61094 424 55724 271 45865 558 82350 153
80 20 762107 35236 955 28 622 95989 451 7996 83 87357 258 58433 67 90547 401 67547 570 80137 461 12719 790 28309 302 40099 95 13917 951 2372 83 64778 191 51840 691 90196 866 76790 723 32352 317 15992 113
81 20 812092 3154 460 69664 872 72902 217 34141 490 40867 644 23047 277 66275 685 47221 635 68076 711 74613 172 32785 425 65514 252 48567 383 35300 956 24403 278 95796 286 47099 319 78764 640 6848 395 80080 475
82 20 867211 69329 248 215 600 75971 123 78518 505 30882 615 23064 950 72771 532 36733 120 66805 610 18922 979 97301 866 4001 839 57099 905 99059 695 28441 773 79412 800 91073 311 14361 469 66280 129 73777 636
83 20 642171 14139 796 75913 730 11278 177 79157 86 99907 81 11320 263 4224 307 35899 829 27326 59 65760 669 60670 956 77664 8 49377 180 23806 985 78876 411 22350 459 36669 113 23765 349 216 125 4398 748
84 20 846344 25876 37 6260 784 60346 939 57726 283 99921 50 39669 865 30536 578 43310 665 48500 425 59278 238 76571 964 70958 308 4787 122 28704 797 80481 928 69741 608 67740 822 74708 156 80926 779 31892 217
85 20 822660 51621 550 16116 205 50286 44 64939 690 25051 550 26921 248 3254 571 20375 164 77724 316 75369 400 95151 996 43813 975 69323 89 91451 765 32430 384 85837 916 85710 729 19263 50 65978 954 27713 319
86 20 917200 19632 10 76447 343 7948 204 56499 728 82341 448 56634 308 51335 351 75655 760 19023 622 36957 614 33508 176 77873 406 90095 902 69848 974 28815 820 75690 726 44496 714 98376 93 92900 236 52429 802
87 20 928092 20259 840 67207 329 91829 781 63500 912 10975 146 67912 110 46425 808 28083 966 79788 57 71293 873 52192 815 58395 880 96679 696 95700 635 10275 455 67526 215 85636 75 15813 893 32439 85 98190 920
88 20 888298 93662 433 70135 597 8233 658 63724 643 53688 505 10882 510 86085 719 49774 873 43099 106 57029 866 50618 867 94323 589 29003 377 52874 817 53478 177 76239 556 57767 731 80399 455 73547 155 5814 766
89 20 681148 24619 509 357 683 76649 169 67652 48 3079 831 90904 951 25510 47 16736 6 82677 83 46108 420 62549 738 15724 838 2588 747 89841 588 19886 258 64323 278 45583 421 7658 534 36999 104 71993 852
90 20 719182 25570 414 40299 375 20230 475 54395 645 75147 624 35365 201 16538 316 80478 618 13684 435 6726 485 91230 261 11181 829 23871 506 5217 54 95988 240 23879 160 66648 321 94732 93 47222 183 70578 217
91 20 887022 21081 136 60499 847 29603 379 90586 828 94742 603 29177 148 85808 154 80136 462 29823 899 59919 662 10654 814 82588 713 90008 711 32917 59 22964 632 93691 695 36415 799 15400 788 89448 876 53319 85
92 20 868222 48264 785 84144 146 56537 750 65233 431 44037 883 20358 962 40965 186 15020 799 86897 459 84768 733 59448 472 67286 748 96943 80 44120 425 19151 570 13817 221 94168 407 54462 393 60926 928 28734 699
93 20 933803 70511 974 88355 274 87042 431 87154 930 890 4 93809 399 32308 615 94899 962 84538 235 63155 622 18841 667 77075 810 74202 973 14715 394 37614 996 37736 719 19904 510 90865 257 27287 389 66354 65
94 20 883176 66164 978 56911 116 91415 980 71333 23 73072 749 18517 801 84591 236 21983 953 79766 9 53242 899 15081 611 27156 809 51604 700 23693 372 44685 455 80268 652 88165 20 94007 900 56096 799 6222 613
95 20 831100 31781 184 4692 156 86998 934 60754 328 51005 689 30265 52 26371 136 28507 914 8541 322 58607 598 74699 464 94019 271 79854 511 44402 635 22459 180 62047 706 83530 488 47097 600 66405 49 76842 74
96 20 809329 83709 595 22877 168 66889 421 31555 158 96574 424 43318 998 53076 412 3303 263 23281 99 28139 784 77176 220 75624 457 57711 997 30236 346 78024 933 81609 369 49300 588 27078 894 1728 878 80455 815
97 20 777996 92853 606 73305 172 8402 526 37668 904 55829 684 88065 534 47677 919 10294 766 69933 781 4524 598 79581 182 27272 772 26166 278 51710 747 25053 902 8772 610 88833 404 71110 360 70130 78 35318 124
98 20 632865 54383 988 29783 75 34167 684 73803 52 68682 845 5953 861 10011 613 10011 535 25411 298 87581 794 46354 474 64786 817 44555 668 10521 635 7786 633 97247 227 25345 127 7669 476 24648 906 62386 822
99 20 853364 69205 359 84764 954 46198 826 70819 807 40155 986 5273 544 71926 880 89452 661 65958 731 16629 421 22827 811 50110 631 61126 550 4124 125 94803 2 18938 131 86995 733 80173 291 2055 911 85175 294
100 20 786508 37872 155 39485 620 1192 500 43376 610 37056 749 43660 724 18233 627 94646 819 26617 572 97407 694 25004 1000 37238 533 45507 48 92392 122 50237 181 9959 494 34466 54 80578 781 82320 119 85890 448
