1 20 71264 1436 2 1715 452 8080 38 5945 834 1086 259 2160 295 5851 120 6012 242 604 568 8557 457 2687 901 9503 617 9769 566 290 89 279 776 5467 514 6593 470 7303 200 4853 610 890 401
2 20 65576 882 800 7018 506 2962 690 317 657 9354 520 3334 130 298 852 6704 170 5711 548 3499 189 6011 978 6396 790 1660 937 586 833 8287 70 3531 294 6539 741 1620 877 5295 235 1966 675
3 20 86172 2974 854 5489 943 6281 954 9551 213 5872 862 5348 833 1982 216 9507 427 5915 67 3449 72 2697 650 6336 708 7004 248 860 962 4770 607 7425 454 7816 751 6907 307 7073 813 460 448
4 20 72171 1519 138 5422 693 7800 466 8667 722 5383 332 1978 620 3500 905 3154 175 7679 108 3293 137 4710 571 3042 682 8180 740 1012 950 6657 48 3215 982 3789 795 2188 100 6421 392 2605 933
5 20 75100 3126 928 9262 516 4367 672 6377 944 9656 208 2014 575 8001 770 7739 731 679 839 2275 617 4838 102 7758 773 1373 886 7723 906 959 866 6385 409 5528 184 2597 412 1601 628 1617 754
6 20 75628 3812 887 7906 796 6048 65 988 476 1876 904 5573 784 6338 692 4749 872 3987 769 1314 733 7697 586 626 383 9480 266 1244 637 4535 264 7959 283 4342 676 432 890 6446 528 9184 232
7 20 85644 6458 877 3237 56 6594 171 5748 577 8082 657 2419 343 1139 599 5014 863 9798 751 6412 853 5858 309 6977 826 4710 375 4296 341 2801 849 1669 579 9328 194 9896 705 2646 518 3973 503
8 20 85352 9796 457 9920 185 9108 875 5528 423 1843 232 2256 300 4629 223 4334 944 2178 777 4074 245 9422 75 9082 319 6627 917 8585 166 799 301 3863 701 968 183 7094 511 2803 825 3781 631
9 20 74274 8408 459 9248 354 100 67 8066 104 5587 332 3603 534 2225 448 6307 157 2941 529 2027 981 2874 450 7889 84 1233 785 1666 490 8002 823 701 480 513 810 8211 402 4672 454 8570 845
10 20 79239 9900 711 4021 813 6141 444 2558 237 3653 297 4056 243 9268 890 9465 670 4977 312 1726 62 2247 384 1500 119 5082 806 8692 326 4973 423 7881 440 7001 801 3842 719 877 274 1189 443
11 20 76792 2998 573 1093 263 6037 401 2340 879 3771 940 3860 962 6217 462 4996 42 6584 8 9280 243 2682 330 3476 677 9099 296 2576 994 3400 317 976 4 9448 568 6417 320 9321 170 1420 283
12 20 87028 9180 852 539 289 8162 93 580 34 2529 976 3130 392 5983 15 2760 192 7456 801 8950 1000 3240 6 7872 429 8973 379 2600 209 6318 98 9629 356 6596 7 3320 429 7734 316 3234 982
13 20 87780 1 207 9277 537 4888 71 1491 533 7055 781 8385 557 3477 67 9629 602 1195 773 5567 151 6317 896 8746 472 3852 278 8360 472 5008 221 3202 765 7295 194 1402 646 8661 973 5917 882
14 20 88718 5910 448 1504 884 6526 904 4728 302 9549 376 9989 595 6342 481 6578 83 6726 767 5900 164 9561 188 2274 249 5240 172 4940 961 4730 153 4200 165 4399 119 5046 594 2907 210 3849 912
15 20 88100 4203 768 1195 815 3613 780 9202 697 6328 896 7990 169 8978 51 8501 789 4146 407 999 376 6942 439 8976 724 3925 150 7359 826 5358 877 1623 959 1153 904 7972 3 7503 798 4160 865
16 20 71833 749 915 3178 238 7104 55 4123 940 9341 840 5945 39 1999 334 8191 316 6876 867 104 860 33 376 2326 297 2962 161 7781 200 9025 787 1679 198 6564 450 7819 926 1646 394 2347 411
17 20 81183 4114 297 587 790 4084 415 9550 192 5640 16 7974 979 2798 754 1401 135 4300 273 6257 869 7932 909 5131 465 7506 299 7375 358 5430 967 3483 613 322 460 8630 316 8602 576 363 133
18 20 84834 9326 401 8566 871 6877 462 8931 617 2019 182 4511 19 7154 527 6291 494 6745 451 908 619 5217 411 2728 925 5296 118 7680 241 330 724 1044 525 1869 779 5674 43 9766 567 5111 908
19 20 76105 1408 621 1434 505 3643 512 9310 317 741 593 1754 129 7485 356 2837 216 5253 134 383 869 4699 849 6601 925 8192 457 7361 833 9125 142 7829 694 5052 261 2298 320 4577 307 5150 883
20 20 60353 360 527 9129 364 2298 65 7562 570 9460 812 7199 236 2619 436 1297 665 3707 906 2280 558 561 381 38 472 425 876 3753 364 5058 465 6058 429 1846 771 5018 267 190 159 6584 879
21 20 77745 664 248 1161 838 9727 261 4188 868 8154 948 5715 898 6116 122 1226 464 2452 540 4843 332 567 674 3084 166 2795 570 9954 687 2361 157 8727 743 9892 655 9494 599 771 652 5291 693
22 20 91690 4277 494 7335 72 8459 259 7141 916 8112 882 3715 294 9670 229 9648 530 8990 595 4612 81 3437 652 6870 80 6753 56 6369 3 3221 431 5507 24 2551 519 7567 358 194 775 185 819
23 20 74212 5677 708 6397 968 63 653 9693 249 1180 268 6069 94 7533 991 820 368 5730 991 3745 939 6478 496 81 516 1000 899 2878 735 4563 925 743 32 6199 484 9432 281 7349 869 7136 489
24 20 80699 237 409 7213 587 2996 408 5767 892 7677 134 5299 315 7127 979 1309 776 1117 630 6230 386 6314 931 6755 741 1334 469 8744 907 5244 122 4947 326 7710 130 8142 976 5367 494 1345 406
25 20 83215 365 99 7468 311 7922 119 8580 237 3904 531 3193 924 8276 753 6815 552 4252 933 2962 167 9652 398 3684 201 9961 14 3803 839 4494 329 4796 561 5419 969 5398 552 2875 140 200 540
26 20 75316 7915 241 9917 134 3035 448 8654 972 1147 837 808 465 6412 336 836 820 5119 909 3887 934 1541 999 8276 784 7890 884 9778 451 3638 370 884 864 7618 123 4464 390 149 798 2177 37
27 20 72081 7659 871 1650 256 1580 932 4564 24 5341 500 6725 756 171 393 2883 635 3862 720 4590 348 3977 213 8567 13 7651 983 4104 457 8995 991 5800 474 1785 784 7158 924 1405 909 1635 657
28 20 70353 627 848 3371 889 6740 217 4193 293 1559 496 1968 504 7899 720 3241 299 6575 638 896 900 835 349 3404 406 4388 430 806 705 8510 130 6779 951 558 53 9137 467 7372 199 9084 484
29 20 86726 9455 530 8704 78 9276 654 3001 916 8945 111 8392 384 4018 839 8496 665 4537 140 5069 836 9195 965 1245 355 1731 520 61 673 5772 101 2211 736 3014 864 831 957 5326 138 9129 703
30 20 80200 3444 157 2215 481 4250 75 1486 428 4522 921 1276 503 3340 771 5473 357 5214 604 5740 298 5390 695 3154 706 6250 948 9881 390 9302 108 8555 458 7276 271 5018 487 4816 508 3649 787
31 20 83100 9758 117 6770 643 1808 736 8021 500 5557 584 3810 359 4689 639 4759 968 3000 422 5967 751 1874 21 6996 334 9459 615 1139 992 3887 840 1417 274 8556 226 1121 116 7237 110 8051 646
32 20 75211 3710 994 4386 676 5155 562 7540 606 307 1 1562 593 357 555 7894 826 6575 695 3452 322 5795 597 9992 767 41 382 9263 752 5826 780 2236 52 4005 11 6356 155 7048 919 2514 783
33 20 69891 8950 538 2164 244 6330 919 5856 490 241 645 6478 187 9112 123 1791 755 4318 46 3021 548 9756 670 954 513 991 979 3966 168 897 838 2718 784 2472 263 1985 759 7292 705 8072 749
34 20 70688 1809 179 2540 371 4829 968 3913 993 9975 465 3143 879 5902 558 2205 110 1522 188 373 681 8943 516 507 352 7262 906 3452 543 6853 472 7199 850 4795 474 5146 82 1960 758 6032 949
35 20 57362 3150 53 7711 880 3147 395 794 510 5374 794 79 459 3688 598 3656 667 3452 834 4259 125 2563 989 5665 724 4622 180 7953 709 838 209 2453 978 6750 54 1862 532 2440 638 1247 393
36 20 87586 8232 364 5733 40 5467 4 4472 643 2592 585 3051 247 7996 65 7560 713 5546 326 6763 792 9780 969 1635 918 9152 146 3597 467 2082 208 2780 737 9736 22 3751 670 5782 947 3776 369
37 20 66552 1862 447 783 197 4607 636 9426 823 2186 704 2989 133 5255 628 6441 741 3684 240 1064 256 5473 737 158 604 6534 55 4897 245 3838 230 8735 658 7021 494 1692 749 1867 906 4679 945
38 20 101706 8416 567 5318 879 6055 18 3028 170 9006 996 7989 163 4157 103 90 355 9722 175 9755 958 6136 155 9633 703 4891 812 3719 69 9377 16 6292 749 5488 232 5395 813 4213 54 8453 642
39 20 66852 4104 801 3257 625 9606 350 409 147 2752 960 7207 632 2689 643 9121 427 5450 952 3653 38 581 411 7792 523 3994 301 2914 256 1172 706 1797 368 8680 33 404 493 2045 157 5939 849
40 20 78760 8715 879 4649 692 3663 227 9391 392 4190 918 5102 542 4994 790 8393 38 1822 662 3968 487 7363 85 1961 412 3361 884 3477 275 9325 917 4 553 4836 328 505 639 7258 22 5473 809
41 20 81052 4062 553 4530 213 1318 193 492 260 3222 675 1796 569 5180 615 9160 982 8858 374 1516 632 6880 217 8004 435 9830 140 7994 379 4337 638 1374 497 7102 334 6235 631 7325 140 2101 718
42 20 86943 9815 457 8059 57 8034 721 6611 255 6498 229 2501 415 83 557 3978 310 145 266 6179 880 9502 813 2007 636 6846 304 1002 886 9785 375 3852 560 6826 215 2010 229 5686 605 9260 545
43 20 91637 4268 154 9406 745 9975 463 9607 775 199 369 8648 407 492 491 7526 379 5835 824 106 382 7259 45 4723 32 1153 404 4999 581 9131 744 4774 449 7412 212 3492 509 9341 342 6201 179
44 20 105040 3719 813 9064 563 9407 314 8406 217 6988 771 7026 32 8978 394 7591 616 8539 83 5370 490 5959 662 1301 201 3997 180 8391 410 3845 470 9780 62 7649 151 684 717 5375 253 9231 452
45 20 76316 3320 921 9381 214 232 800 2557 142 9971 705 7681 875 8273 159 3666 199 432 863 1619 430 3309 465 6009 608 46 851 8025 928 5994 648 487 50 4261 884 7621 190 8483 426 4028 367
46 20 71759 2718 7 6529 45 3408 69 5855 824 6047 651 3144 516 3396 290 3209 633 8159 10 4470 396 4742 797 5391 245 5886 603 3734 281 2586 279 3973 898 1233 22 3764 791 5055 609 6400 433
47 20 95370 9058 155 3693 98 7883 713 2619 778 8244 40 3251 443 6182 338 3250 99 9709 419 8237 663 3693 65 5531 615 7002 726 9035 121 7466 826 3865 268 8641 461 616 964 8447 6 2791 564
48 20 69159 5004 511 993 927 7401 320 450 94 9903 436 2083 637 1126 895 5761 270 503 615 1592 578 6967 972 1939 840 5571 216 8427 191 7276 10 3444 666 6279 159 1493 989 6511 760 3726 129
49 20 66954 2931 701 1837 107 2160 844 6612 766 950 958 3427 541 103 474 8682 507 8939 597 5216 186 3649 780 837 81 4554 322 6244 139 4481 179 63 516 1734 715 9148 632 3016 557 9110 529
50 20 62427 1820 474 7129 72 7162 463 2172 534 4329 51 6848 447 8006 534 6509 550 92 544 1614 505 4069 664 4066 711 541 12 1460 285 8630 429 7460 880 2472 59 1245 849 746 347 1664 697
51 20 89750 3899 890 8052 983 5372 74 9585 648 6527 674 1986 32 8652 809 2936 212 9918 218 6468 587 3587 762 8105 302 944 257 3962 736 9358 743 9617 738 9366 120 2573 607 366 840 915 710
52 20 79260 6876 707 6053 626 709 671 4142 803 3444 407 6995 953 5621 474 8326 810 4888 233 3353 844 2419 414 4815 852 6420 293 777 806 7974 225 9300 200 1053 199 6392 359 5558 733 3961 342
53 20 76801 1740 462 6619 668 8236 844 2796 441 6680 667 4298 586 5762 259 28 933 9806 889 3288 842 8154 566 7680 34 5638 862 3601 123 5486 830 99 456 3564 579 3819 566 7504 583 1204 541
54 20 79535 8791 560 9340 711 8397 815 95 202 1425 545 3183 775 5845 402 3149 426 3857 813 165 1000 6758 698 1410 206 5689 161 7085 312 7706 878 7233 274 7421 671 6801 466 1483 504 3586 813
55 20 79978 2084 746 3922 706 7943 118 7 857 5443 518 7557 493 9435 479 2878 150 1304 597 7188 696 3500 57 8896 127 367 676 4067 88 7284 546 9448 528 1399 177 5575 515 6192 391 5484 952
56 20 81666 8639 249 5685 19 3635 338 3737 423 3311 624 8581 597 6934 689 1258 49 7950 311 1493 718 1842 337 8838 63 9729 251 8866 93 1572 618 1443 105 2956 247 5129 985 8476 387 2009 4
57 20 65801 924 112 641 315 1778 652 4041 860 3284 305 6216 397 7437 176 1721 442 8763 155 5111 286 3340 1 6662 670 4774 505 4448 953 1491 340 5010 276 4826 387 4941 360 1508 361 5336 858
58 20 75873 2194 996 3886 828 5281 741 4926 359 9178 20 4467 811 364 844 7631 649 3760 709 6949 586 7136 572 2167 298 3775 2 1552 793 3635 569 8530 710 8541 378 1816 919 3633 280 5421 974
59 20 74989 1756 647 4408 906 9350 937 4984 137 834 221 4557 430 3421 122 1235 318 9958 622 7147 419 6113 291 6272 670 4965 888 2503 751 5791 850 1628 324 4716 674 8955 493 1005 121 4139 903
60 20 75188 9954 991 2977 521 230 249 3575 232 3453 245 4601 238 5173 773 8436 302 6544 478 3608 903 8577 604 2149 764 7934 431 694 821 3075 894 2048 157 4867 141 4360 964 4330 214 7401 700
61 20 81831 4689 469 2460 184 3090 585 8875 73 5989 7 4334 637 3034 650 5437 888 4031 336 7170 249 9044 638 2365 321 9229 983 4248 289 5349 40 3032 644 7574 277 3 89 2521 826 9815 738
62 20 64436 1597 430 545 179 9748 755 6891 769 3798 711 4771 426 8230 858 2615 396 7350 643 6524 374 2660 571 8583 163 3500 946 3949 231 820 780 302 931 3531 889 300 121 1242 122 3589 345
63 20 86158 2873 990 8065 233 4441 997 9076 239 5358 726 7080 642 169 77 6643 109 413 958 1628 182 5219 231 8798 587 6647 851 2822 994 9800 230 8603 762 6500 257 8172 423 1764 222 3627 246
64 20 75179 1330 445 101 569 5581 475 2654 420 4834 647 6051 116 5604 514 9341 275 272 891 6303 580 7717 20 2673 486 7414 392 4215 694 3291 905 6585 773 6497 382 5516 183 6162 736 1833 145
65 20 66357 6750 507 9239 902 3109 682 3556 463 3888 955 1246 458 5965 200 5423 359 8776 780 2240 471 4433 893 5343 927 5904 693 120 547 2194 157 4741 577 5446 337 1828 289 1215 74 1531 591
66 20 78821 1007 360 7574 123 8316 312 2307 502 999 333 4343 214 1544 306 4524 810 8470 685 8376 226 8497 487 8239 123 980 409 4324 52 7826 661 6282 275 4227 618 338 676 1337 916 9017 149
67 20 90893 7290 84 8168 943 7904 641 8150 928 699 431 1461 277 8821 30 3772 95 1222 592 2333 677 1851 934 8018 382 9726 918 7367 164 3694 630 7956 634 4590 914 6281 9 7468 772 6846 65
68 20 76358 6479 766 4488 824 6750 594 1752 265 8580 100 1372 757 4909 943 9892 374 1420 401 4975 351 972 836 6148 83 4684 994 8035 900 4792 353 3300 391 7231 721 1541 709 544 945 7584 831
69 20 67676 5019 233 1007 801 735 131 9709 436 2941 425 5949 336 8644 261 2028 960 4833 179 2709 476 3529 907 4830 58 6236 409 9604 165 3143 99 8078 815 1496 620 1035 798 2969 798 101 756
70 20 84364 9949 62 8654 133 2943 874 908 441 2642 212 6353 997 9082 949 657 58 1024 826 8757 89 8493 510 9503 921 9761 83 684 899 3183 762 3704 747 1138 45 6603 558 9553 815 1865 267
71 20 67592 2545 891 6246 666 1954 558 2863 540 5204 636 41 718 1464 487 3424 890 593 763 3513 328 4107 394 8195 237 6898 134 6460 47 3874 934 3394 106 2310 251 6949 667 8627 338 5830 375
72 20 90192 3476 576 4217 979 8003 50 7427 501 9687 961 8317 703 4081 537 1990 512 3158 136 545 280 2331 281 7412 7 9707 601 7906 953 7679 424 2995 277 7184 670 8521 834 6563 886 1542 379
73 20 90567 9492 670 5811 146 2889 162 5072 906 2808 637 736 136 4529 39 7694 943 8725 648 7732 965 8556 501 4507 485 5492 596 3652 18 5356 771 9760 104 9784 941 5920 671 755 658 3939 242
74 20 74800 2153 814 9619 470 1852 241 3927 31 2742 149 698 40 2835 210 1159 547 7108 158 5965 965 8628 642 5019 242 60 405 4857 131 9765 754 6932 857 2337 235 7860 810 7892 209 2092 338
75 20 66088 132 540 2122 296 4522 876 5196 933 953 890 3676 620 9342 420 1339 941 7059 903 384 596 1877 708 6277 913 1774 382 4027 145 7750 788 1546 134 8236 295 6156 799 5381 537 4861 128
76 20 85576 1326 569 4885 905 3272 708 3938 181 664 349 5636 904 6194 124 6976 185 6166 287 1556 947 6476 699 9958 674 6278 808 6056 578 7589 480 8883 96 3629 693 7230 930 4593 809 5665 592
77 20 105746 4179 80 6282 447 3591 569 8836 637 7783 409 7844 613 8093 565 6905 124 9052 208 5111 815 9084 408 7966 131 9026 545 7003 247 5195 565 4314 15 5060 347 7170 954 5266 23 4423 892
78 20 52637 1171 735 3370 781 9687 483 2783 550 3596 710 5234 299 2982 164 409 932 3811 939 5046 809 7685 969 27 557 6630 165 1002 696 1479 760 4304 786 2260 43 1464 383 2069 442 788 647
79 20 72807 8834 726 137 399 4002 816 5583 545 3103 881 4018 98 2597 466 5627 477 6147 780 1336 459 3867 233 3094 458 6005 653 4000 231 7000 430 1154 197 6110 424 5573 271 4587 558 8235 153
80 20 76216 3524 955 3 622 9599 451 800 83 8736 258 5844 67 9055 401 6755 570 8014 461 1272 790 2831 302 4010 95 1392 951 238 83 6478 191 5184 691 9020 866 7679 723 3236 317 1600 113
81 20 81216 316 460 6967 872 7291 217 3415 490 4087 644 2305 277 6628 685 4723 635 6808 711 7462 172 3279 425 6552 252 4857 383 3530 956 2441 278 9580 286 4710 319 7877 640 685 395 8008 475
82 20 86730 6933 248 22 600 7598 123 7852 505 3089 615 2307 950 7278 532 3674 120 6681 610 1893 979 9731 866 401 839 5710 905 9906 695 2845 773 7942 800 9108 311 1437 469 6628 129 7378 636
83 20 64221 1414 796 7592 730 1128 177 7916 86 9991 81 1132 263 423 307 3590 829 2733 59 6576 669 6067 956 7767 8 4938 180 2381 985 7888 411 2235 459 3667 113 2377 349 22 125 440 748
84 20 84640 2588 37 626 784 6035 939 5773 283 9993 50 3967 865 3054 578 4331 665 4850 425 5928 238 7658 964 7096 308 479 122 2871 797 8049 928 6975 608 6774 822 7471 156 8093 779 3190 217
85 20 82274 5163 550 1612 205 5029 44 6494 690 2506 550 2693 248 326 571 2038 164 7773 316 7537 400 9516 996 4382 975 6933 89 9146 765 3243 384 8584 916 8571 729 1927 50 6598 954 2772 319
86 20 91726 1964 10 7645 343 795 204 5650 728 8235 448 5664 308 5134 351 7566 760 1903 622 3696 614 3351 176 7788 406 9010 902 6985 974 2882 820 7569 726 4450 714 9838 93 9290 236 5243 802
87 20 92815 2026 840 6721 329 9183 781 6350 912 1098 146 6792 110 4643 808 2809 966 7979 57 7130 873 5220 815 5840 880 9668 696 9570 635 1028 455 6753 215 8564 75 1582 893 3244 85 9819 920
88 20 88836 9367 433 7014 597 824 658 6373 643 5369 505 1089 510 8609 719 4978 873 4310 106 5703 866 5062 867 9433 589 2901 377 5288 817 5348 177 7624 556 5777 731 8040 455 7355 155 582 766
89 20 68120 2462 509 36 683 7665 169 6766 48 308 831 9091 951 2551 47 1674 6 8268 83 4611 420 6255 738 1573 838 259 747 8985 588 1989 258 6433 278 4559 421 766 534 3700 104 7200 852
90 20 71924 2557 414 4030 375 2023 475 5440 645 7515 624 3537 201 1654 316 8048 618 1369 435 673 485 9123 261 1119 829 2388 506 522 54 9599 240 2388 160 6665 321 9474 93 4723 183 7058 217
91 20 88708 2109 136 6050 847 2961 379 9059 828 9475 603 2918 148 8581 154 8014 462 2983 899 5992 662 1066 814 8259 713 9001 711 3292 59 2297 632 9370 695 3642 799 1540 788 8945 876 5332 85
92 20 86828 4827 785 8415 146 5654 750 6524 431 4404 883 2036 962 4097 186 1502 799 8690 459 8477 733 5945 472 6729 748 9695 80 4412 425 1916 570 1382 221 9417 407 5447 393 6093 928 2874 699
93 20 93388 7052 974 8836 274 8705 431 8716 930 89 4 9381 399 3231 615 9490 962 8454 235 6316 622 1885 667 7708 810 7421 973 1472 394 3762 996 3774 719 1991 510 9087 257 2729 389 6636 65
94 20 88327 6617 978 5692 116 9142 980 7134 23 7308 749 1852 801 8460 236 2199 953 7977 9 5325 899 1509 611 2716 809 5161 700 2370 372 4469 455 8027 652 8817 20 9401 900 5610 799 623 613
95 20 83117 3179 184 470 156 8700 934 6076 328 5101 689 3027 52 2638 136 2851 914 855 322 5861 598 7470 464 9402 271 7986 511 4441 635 2246 180 6205 706 8353 488 4710 600 6641 49 7685 74
96 20 80939 8371 595 2288 168 6689 421 3156 158 9658 424 4332 998 5308 412 331 263 2329 99 2814 784 7718 220 7563 457 5772 997 3024 346 7803 933 8161 369 4930 588 2708 894 173 878 8046 815
97 20 77807 9286 606 7331 172 841 526 3767 904 5583 684 8807 534 4768 919 1030 766 6994 781 453 598 7959 182 2728 772 2617 278 5171 747 2506 902 878 610 8884 404 7111 360 7013 78 3532 124
98 20 63296 5439 988 2979 75 3417 684 7381 52 6869 845 596 861 1002 613 1002 535 2542 298 8759 794 4636 474 6479 817 4456 668 1053 635 779 633 9725 227 2535 127 767 476 2465 906 6239 822
99 20 85343 6921 359 8477 954 4620 826 7082 807 4016 986 528 544 7193 880 8946 661 6596 731 1663 421 2283 811 5011 631 6113 550 413 125 9481 2 1894 131 8700 733 8018 291 206 911 8518 294
100 20 78656 3788 155 3949 620 120 500 4338 610 3706 749 4366 724 1824 627 9465 819 2662 572 9741 694 2501 1000 3724 533 4551 48 9240 122 5024 181 996 494 3447 54 8058 781 8232 119 8589 448
