1 20 35636 718 2 858 452 4040 38 2973 834 543 259 1080 295 2926 120 3006 242 302 568 4279 457 1344 901 4752 617 4885 566 145 89 140 776 2734 514 3297 470 3652 200 2427 610 445 401
2 20 32791 441 800 3509 506 1481 690 159 657 4677 520 1667 130 149 852 3352 170 2856 548 1750 189 3006 978 3198 790 830 937 293 833 4144 70 1766 294 3270 741 810 877 2648 235 983 675
3 20 43090 1487 854 2745 943 3141 954 4776 213 2936 862 2674 833 991 216 4754 427 2958 67 1725 72 1349 650 3168 708 3502 248 430 962 2385 607 3713 454 3908 751 3454 307 3537 813 230 448
4 20 36089 760 138 2711 693 3900 466 4334 722 2692 332 989 620 1750 905 1577 175 3840 108 1647 137 2355 571 1521 682 4090 740 506 950 3329 48 1608 982 1895 795 1094 100 3211 392 1303 933
5 20 37555 1563 928 4631 516 2184 672 3189 944 4828 208 1007 575 4001 770 3870 731 340 839 1138 617 2419 102 3879 773 687 886 3862 906 480 866 3193 409 2764 184 1299 412 801 628 809 754
6 20 37816 1906 887 3953 796 3024 65 494 476 938 904 2787 784 3169 692 2375 872 1994 769 657 733 3849 586 313 383 4740 266 622 637 2268 264 3980 283 2171 676 216 890 3223 528 4592 232
7 20 42824 3229 877 1619 56 3297 171 2874 577 4041 657 1210 343 570 599 2507 863 4899 751 3206 853 2929 309 3489 826 2355 375 2148 341 1401 849 835 579 4664 194 4948 705 1323 518 1987 503
8 20 42679 4898 457 4960 185 4554 875 2764 423 922 232 1128 300 2315 223 2167 944 1089 777 2037 245 4711 75 4541 319 3314 917 4293 166 400 301 1932 701 484 183 3547 511 1402 825 1891 631
9 20 37141 4204 459 4624 354 50 67 4033 104 2794 332 1802 534 1113 448 3154 157 1471 529 1014 981 1437 450 3945 84 617 785 833 490 4001 823 351 480 257 810 4106 402 2336 454 4285 845
10 20 39624 4950 711 2011 813 3071 444 1279 237 1827 297 2028 243 4634 890 4733 670 2489 312 863 62 1124 384 750 119 2541 806 4346 326 2487 423 3941 440 3501 801 1921 719 439 274 595 443
11 20 38399 1499 573 547 263 3019 401 1170 879 1886 940 1930 962 3109 462 2498 42 3292 8 4640 243 1341 330 1738 677 4550 296 1288 994 1700 317 488 4 4724 568 3209 320 4661 170 710 283
12 20 43516 4590 852 270 289 4081 93 290 34 1265 976 1565 392 2992 15 1380 192 3728 801 4475 1000 1620 6 3936 429 4487 379 1300 209 3159 98 4815 356 3298 7 1660 429 3867 316 1617 982
13 20 43895 1 207 4639 537 2444 71 746 533 3528 781 4193 557 1739 67 4815 602 598 773 2784 151 3159 896 4373 472 1926 278 4180 472 2504 221 1601 765 3648 194 701 646 4331 973 2959 882
14 20 44361 2955 448 752 884 3263 904 2364 302 4775 376 4995 595 3171 481 3289 83 3363 767 2950 164 4781 188 1137 249 2620 172 2470 961 2365 153 2100 165 2200 119 2523 594 1454 210 1925 912
15 20 44054 2102 768 598 815 1807 780 4601 697 3164 896 3995 169 4489 51 4251 789 2073 407 500 376 3471 439 4488 724 1963 150 3680 826 2679 877 812 959 577 904 3986 3 3752 798 2080 865
16 20 35921 375 915 1589 238 3552 55 2062 940 4671 840 2973 39 1000 334 4096 316 3438 867 52 860 17 376 1163 297 1481 161 3891 200 4513 787 840 198 3282 450 3910 926 823 394 1174 411
17 20 40594 2057 297 294 790 2042 415 4775 192 2820 16 3987 979 1399 754 701 135 2150 273 3129 869 3966 909 2566 465 3753 299 3688 358 2715 967 1742 613 161 460 4315 316 4301 576 182 133
18 20 42420 4663 401 4283 871 3439 462 4466 617 1010 182 2256 19 3577 527 3146 494 3373 451 454 619 2609 411 1364 925 2648 118 3840 241 165 724 522 525 935 779 2837 43 4883 567 2556 908
19 20 38057 704 621 717 505 1822 512 4655 317 371 593 877 129 3743 356 1419 216 2627 134 192 869 2350 849 3301 925 4096 457 3681 833 4563 142 3915 694 2526 261 1149 320 2289 307 2575 883
20 20 30180 180 527 4565 364 1149 65 3781 570 4730 812 3600 236 1310 436 649 665 1854 906 1140 558 281 381 19 472 213 876 1877 364 2529 465 3029 429 923 771 2509 267 95 159 3292 879
21 20 38876 332 248 581 838 4864 261 2094 868 4077 948 2858 898 3058 122 613 464 1226 540 2422 332 284 674 1542 166 1398 570 4977 687 1181 157 4364 743 4946 655 4747 599 386 652 2646 693
22 20 45850 2139 494 3668 72 4230 259 3571 916 4056 882 1858 294 4835 229 4824 530 4495 595 2306 81 1719 652 3435 80 3377 56 3185 3 1611 431 2754 24 1276 519 3784 358 97 775 93 819
23 20 37111 2839 708 3199 968 32 653 4847 249 590 268 3035 94 3767 991 410 368 2865 991 1873 939 3239 496 41 516 500 899 1439 735 2282 925 372 32 3100 484 4716 281 3675 869 3568 489
24 20 40354 119 409 3607 587 1498 408 2884 892 3839 134 2650 315 3564 979 655 776 559 630 3115 386 3157 931 3378 741 667 469 4372 907 2622 122 2474 326 3855 130 4071 976 2684 494 673 406
25 20 41610 183 99 3734 311 3961 119 4290 237 1952 531 1597 924 4138 753 3408 552 2126 933 1481 167 4826 398 1842 201 4981 14 1902 839 2247 329 2398 561 2710 969 2699 552 1438 140 100 540
26 20 37661 3958 241 4959 134 1518 448 4327 972 574 837 404 465 3206 336 418 820 2560 909 1944 934 771 999 4138 784 3945 884 4889 451 1819 370 442 864 3809 123 2232 390 75 798 1089 37
27 20 36045 3830 871 825 256 790 932 2282 24 2671 500 3363 756 86 393 1442 635 1931 720 2295 348 1989 213 4284 13 3826 983 2052 457 4498 991 2900 474 893 784 3579 924 703 909 818 657
28 20 35180 314 848 1686 889 3370 217 2097 293 780 496 984 504 3950 720 1621 299 3288 638 448 900 418 349 1702 406 2194 430 403 705 4255 130 3390 951 279 53 4569 467 3686 199 4542 484
29 20 43368 4728 530 4352 78 4638 654 1501 916 4473 111 4196 384 2009 839 4248 665 2269 140 2535 836 4598 965 623 355 866 520 31 673 2886 101 1106 736 1507 864 416 957 2663 138 4565 703
30 20 40102 1722 157 1108 481 2125 75 743 428 2261 921 638 503 1670 771 2737 357 2607 604 2870 298 2695 695 1577 706 3125 948 4941 390 4651 108 4278 458 3638 271 2509 487 2408 508 1825 787
31 20 41555 4879 117 3385 643 904 736 4011 500 2779 584 1905 359 2345 639 2380 968 1500 422 2984 751 937 21 3498 334 4730 615 570 992 1944 840 709 274 4278 226 561 116 3619 110 4026 646
32 20 37608 1855 994 2193 676 2578 562 3770 606 154 1 781 593 179 555 3947 826 3288 695 1726 322 2898 597 4996 767 21 382 4632 752 2913 780 1118 52 2003 11 3178 155 3524 919 1257 783
33 20 34948 4475 538 1082 244 3165 919 2928 490 121 645 3239 187 4556 123 896 755 2159 46 1511 548 4878 670 477 513 496 979 1983 168 449 838 1359 784 1236 263 993 759 3646 705 4036 749
34 20 35348 905 179 1270 371 2415 968 1957 993 4988 465 1572 879 2951 558 1103 110 761 188 187 681 4472 516 254 352 3631 906 1726 543 3427 472 3600 850 2398 474 2573 82 980 758 3016 949
35 20 28684 1575 53 3856 880 1574 395 397 510 2687 794 40 459 1844 598 1828 667 1726 834 2130 125 1282 989 2833 724 2311 180 3977 709 419 209 1227 978 3375 54 931 532 1220 638 624 393
36 20 43796 4116 364 2867 40 2734 4 2236 643 1296 585 1526 247 3998 65 3780 713 2773 326 3382 792 4890 969 818 918 4576 146 1799 467 1041 208 1390 737 4868 22 1876 670 2891 947 1888 369
37 20 33280 931 447 392 197 2304 636 4713 823 1093 704 1495 133 2628 628 3221 741 1842 240 532 256 2737 737 79 604 3267 55 2449 245 1919 230 4368 658 3511 494 846 749 934 906 2340 945
38 20 50857 4208 567 2659 879 3028 18 1514 170 4503 996 3995 163 2079 103 45 355 4861 175 4878 958 3068 155 4817 703 2446 812 1860 69 4689 16 3146 749 2744 232 2698 813 2107 54 4227 642
39 20 33430 2052 801 1629 625 4803 350 205 147 1376 960 3604 632 1345 643 4561 427 2725 952 1827 38 291 411 3896 523 1997 301 1457 256 586 706 899 368 4340 33 202 493 1023 157 2970 849
40 20 39384 4358 879 2325 692 1832 227 4696 392 2095 918 2551 542 2497 790 4197 38 911 662 1984 487 3682 85 981 412 1681 884 1739 275 4663 917 2 553 2418 328 253 639 3629 22 2737 809
41 20 40528 2031 553 2265 213 659 193 246 260 1611 675 898 569 2590 615 4580 982 4429 374 758 632 3440 217 4002 435 4915 140 3997 379 2169 638 687 497 3551 334 3118 631 3663 140 1051 718
42 20 43475 4908 457 4030 57 4017 721 3306 255 3249 229 1251 415 42 557 1989 310 73 266 3090 880 4751 813 1004 636 3423 304 501 886 4893 375 1926 560 3413 215 1005 229 2843 605 4630 545
43 20 45823 2134 154 4703 745 4988 463 4804 775 100 369 4324 407 246 491 3763 379 2918 824 53 382 3630 45 2362 32 577 404 2500 581 4566 744 2387 449 3706 212 1746 509 4671 342 3101 179
44 20 52524 1860 813 4532 563 4704 314 4203 217 3494 771 3513 32 4489 394 3796 616 4270 83 2685 490 2980 662 651 201 1999 180 4196 410 1923 470 4890 62 3825 151 342 717 2688 253 4616 452
45 20 38163 1660 921 4691 214 116 800 1279 142 4986 705 3841 875 4137 159 1833 199 216 863 810 430 1655 465 3005 608 23 851 4013 928 2997 648 244 50 2131 884 3811 190 4242 426 2014 367
46 20 35883 1359 7 3265 45 1704 69 2928 824 3024 651 1572 516 1698 290 1605 633 4080 10 2235 396 2371 797 2696 245 2943 603 1867 281 1293 279 1987 898 617 22 1882 791 2528 609 3200 433
47 20 47690 4529 155 1847 98 3942 713 1310 778 4122 40 1626 443 3091 338 1625 99 4855 419 4119 663 1847 65 2766 615 3501 726 4518 121 3733 826 1933 268 4321 461 308 964 4224 6 1396 564
48 20 34584 2502 511 497 927 3701 320 225 94 4952 436 1042 637 563 895 2881 270 252 615 796 578 3484 972 970 840 2786 216 4214 191 3638 10 1722 666 3140 159 747 989 3256 760 1863 129
49 20 33480 1466 701 919 107 1080 844 3306 766 475 958 1714 541 52 474 4341 507 4470 597 2608 186 1825 780 419 81 2277 322 3122 139 2241 179 32 516 867 715 4574 632 1508 557 4555 529
50 20 31216 910 474 3565 72 3581 463 1086 534 2165 51 3424 447 4003 534 3255 550 46 544 807 505 2035 664 2033 711 271 12 730 285 4315 429 3730 880 1236 59 623 849 373 347 832 697
51 20 44878 1950 890 4026 983 2686 74 4793 648 3264 674 993 32 4326 809 1468 212 4959 218 3234 587 1794 762 4053 302 472 257 1981 736 4679 743 4809 738 4683 120 1287 607 183 840 458 710
52 20 39634 3438 707 3027 626 355 671 2071 803 1722 407 3498 953 2811 474 4163 810 2444 233 1677 844 1210 414 2408 852 3210 293 389 806 3987 225 4650 200 527 199 3196 359 2779 733 1981 342
53 20 38402 870 462 3310 668 4118 844 1398 441 3340 667 2149 586 2881 259 14 933 4903 889 1644 842 4077 566 3840 34 2819 862 1801 123 2743 830 50 456 1782 579 1910 566 3752 583 602 541
54 20 39773 4396 560 4670 711 4199 815 48 202 713 545 1592 775 2923 402 1575 426 1929 813 83 1000 3379 698 705 206 2845 161 3543 312 3853 878 3617 274 3711 671 3401 466 742 504 1793 813
55 20 39992 1042 746 1961 706 3972 118 4 857 2722 518 3779 493 4718 479 1439 150 652 597 3594 696 1750 57 4448 127 184 676 2034 88 3642 546 4724 528 700 177 2788 515 3096 391 2742 952
56 20 40837 4320 249 2843 19 1818 338 1869 423 1656 624 4291 597 3467 689 629 49 3975 311 747 718 921 337 4419 63 4865 251 4433 93 786 618 722 105 1478 247 2565 985 4238 387 1005 4
57 20 32904 462 112 321 315 889 652 2021 860 1642 305 3108 397 3719 176 861 442 4382 155 2556 286 1670 1 3331 670 2387 505 2224 953 746 340 2505 276 2413 387 2471 360 754 361 2668 858
58 20 37940 1097 996 1943 828 2641 741 2463 359 4589 20 2234 811 182 844 3816 649 1880 709 3475 586 3568 572 1084 298 1888 2 776 793 1818 569 4265 710 4271 378 908 919 1817 280 2711 974
59 20 37499 878 647 2204 906 4675 937 2492 137 417 221 2279 430 1711 122 618 318 4979 622 3574 419 3057 291 3136 670 2483 888 1252 751 2896 850 814 324 2358 674 4478 493 503 121 2070 903
60 20 37598 4977 991 1489 521 115 249 1788 232 1727 245 2301 238 2587 773 4218 302 3272 478 1804 903 4289 604 1075 764 3967 431 347 821 1538 894 1024 157 2434 141 2180 964 2165 214 3701 700
61 20 40920 2345 469 1230 184 1545 585 4438 73 2995 7 2167 637 1517 650 2719 888 2016 336 3585 249 4522 638 1183 321 4615 983 2124 289 2675 40 1516 644 3787 277 2 89 1261 826 4908 738
62 20 32221 799 430 273 179 4874 755 3446 769 1899 711 2386 426 4115 858 1308 396 3675 643 3262 374 1330 571 4292 163 1750 946 1975 231 410 780 151 931 1766 889 150 121 621 122 1795 345
63 20 43083 1437 990 4033 233 2221 997 4538 239 2679 726 3540 642 85 77 3322 109 207 958 814 182 2610 231 4399 587 3324 851 1411 994 4900 230 4302 762 3250 257 4086 423 882 222 1814 246
64 20 37594 665 445 51 569 2791 475 1327 420 2417 647 3026 116 2802 514 4671 275 136 891 3152 580 3859 20 1337 486 3707 392 2108 694 1646 905 3293 773 3249 382 2758 183 3081 736 917 145
65 20 33182 3375 507 4620 902 1555 682 1778 463 1944 955 623 458 2983 200 2712 359 4388 780 1120 471 2217 893 2672 927 2952 693 60 547 1097 157 2371 577 2723 337 914 289 608 74 766 591
66 20 39414 504 360 3787 123 4158 312 1154 502 500 333 2172 214 772 306 2262 810 4235 685 4188 226 4249 487 4120 123 490 409 2162 52 3913 661 3141 275 2114 618 169 676 669 916 4509 149
67 20 45449 3645 84 4084 943 3952 641 4075 928 350 431 731 277 4411 30 1886 95 611 592 1167 677 926 934 4009 382 4863 918 3684 164 1847 630 3978 634 2295 914 3141 9 3734 772 3423 65
68 20 38181 3240 766 2244 824 3375 594 876 265 4290 100 686 757 2455 943 4946 374 710 401 2488 351 486 836 3074 83 2342 994 4018 900 2396 353 1650 391 3616 721 771 709 272 945 3792 831
69 20 33843 2510 233 504 801 368 131 4855 436 1471 425 2975 336 4322 261 1014 960 2417 179 1355 476 1765 907 2415 58 3118 409 4802 165 1572 99 4039 815 748 620 518 798 1485 798 51 756
70 20 42187 4975 62 4327 133 1472 874 454 441 1321 212 3177 997 4541 949 329 58 512 826 4379 89 4247 510 4752 921 4881 83 342 899 1592 762 1852 747 569 45 3302 558 4777 815 933 267
71 20 33800 1273 891 3123 666 977 558 1432 540 2602 636 21 718 732 487 1712 890 297 763 1757 328 2054 394 4098 237 3449 134 3230 47 1937 934 1697 106 1155 251 3475 667 4314 338 2915 375
72 20 45101 1738 576 2109 979 4002 50 3714 501 4844 961 4159 703 2041 537 995 512 1579 136 273 280 1166 281 3706 7 4854 601 3953 953 3840 424 1498 277 3592 670 4261 834 3282 886 771 379
73 20 45286 4746 670 2906 146 1445 162 2536 906 1404 637 368 136 2265 39 3847 943 4363 648 3866 965 4278 501 2254 485 2746 596 1826 18 2678 771 4880 104 4892 941 2960 671 378 658 1970 242
74 20 37404 1077 814 4810 470 926 241 1964 31 1371 149 349 40 1418 210 580 547 3554 158 2983 965 4314 642 2510 242 30 405 2429 131 4883 754 3466 857 1169 235 3930 810 3946 209 1046 338
75 20 33047 66 540 1061 296 2261 876 2598 933 477 890 1838 620 4671 420 670 941 3530 903 192 596 939 708 3139 913 887 382 2014 145 3875 788 773 134 4118 295 3078 799 2691 537 2431 128
76 20 42790 663 569 2443 905 1636 708 1969 181 332 349 2818 904 3097 124 3488 185 3083 287 778 947 3238 699 4979 674 3139 808 3028 578 3795 480 4442 96 1815 693 3615 930 2297 809 2833 592
77 20 52876 2090 80 3141 447 1796 569 4418 637 3892 409 3922 613 4047 565 3453 124 4526 208 2556 815 4542 408 3983 131 4513 545 3502 247 2598 565 2157 15 2530 347 3585 954 2633 23 2212 892
78 20 26322 586 735 1685 781 4844 483 1392 550 1798 710 2617 299 1491 164 205 932 1906 939 2523 809 3843 969 14 557 3315 165 501 696 740 760 2152 786 1130 43 732 383 1035 442 394 647
79 20 36408 4417 726 69 399 2001 816 2792 545 1552 881 2009 98 1299 466 2814 477 3074 780 668 459 1934 233 1547 458 3003 653 2000 231 3500 430 577 197 3055 424 2787 271 2294 558 4118 153
80 20 38110 1762 955 2 622 4800 451 400 83 4368 258 2922 67 4528 401 3378 570 4007 461 636 790 1416 302 2005 95 696 951 119 83 3239 191 2592 691 4510 866 3840 723 1618 317 800 113
81 20 40612 158 460 3484 872 3646 217 1708 490 2044 644 1153 277 3314 685 2362 635 3404 711 3731 172 1640 425 3276 252 2429 383 1765 956 1221 278 4790 286 2355 319 3939 640 343 395 4004 475
82 20 43368 3467 248 11 600 3799 123 3926 505 1545 615 1154 950 3639 532 1837 120 3341 610 947 979 4866 866 201 839 2855 905 4953 695 1423 773 3971 800 4554 311 719 469 3314 129 3689 636
83 20 32114 707 796 3796 730 564 177 3958 86 4996 81 566 263 212 307 1795 829 1367 59 3288 669 3034 956 3884 8 2469 180 1191 985 3944 411 1118 459 1834 113 1189 349 11 125 220 748
84 20 42324 1294 37 313 784 3018 939 2887 283 4997 50 1984 865 1527 578 2166 665 2425 425 2964 238 3829 964 3548 308 240 122 1436 797 4025 928 3488 608 3387 822 3736 156 4047 779 1595 217
85 20 41140 2582 550 806 205 2515 44 3247 690 1253 550 1347 248 163 571 1019 164 3887 316 3769 400 4758 996 2191 975 3467 89 4573 765 1622 384 4292 916 4286 729 964 50 3299 954 1386 319
86 20 45866 982 10 3823 343 398 204 2825 728 4118 448 2832 308 2567 351 3783 760 952 622 1848 614 1676 176 3894 406 4505 902 3493 974 1441 820 3785 726 2225 714 4919 93 4645 236 2622 802
87 20 46410 1013 840 3361 329 4592 781 3175 912 549 146 3396 110 2322 808 1405 966 3990 57 3565 873 2610 815 2920 880 4834 696 4785 635 514 455 3377 215 4282 75 791 893 1622 85 4910 920
88 20 44422 4684 433 3507 597 412 658 3187 643 2685 505 545 510 4305 719 2489 873 2155 106 2852 866 2531 867 4717 589 1451 377 2644 817 2674 177 3812 556 2889 731 4020 455 3678 155 291 766
89 20 34064 1231 509 18 683 3833 169 3383 48 154 831 4546 951 1276 47 837 6 4134 83 2306 420 3128 738 787 838 130 747 4493 588 995 258 3217 278 2280 421 383 534 1850 104 3600 852
90 20 35966 1279 414 2015 375 1012 475 2720 645 3758 624 1769 201 827 316 4024 618 685 435 337 485 4562 261 560 829 1194 506 261 54 4800 240 1194 160 3333 321 4737 93 2362 183 3529 217
91 20 44358 1055 136 3025 847 1481 379 4530 828 4738 603 1459 148 4291 154 4007 462 1492 899 2996 662 533 814 4130 713 4501 711 1646 59 1149 632 4685 695 1821 799 770 788 4473 876 2666 85
92 20 43418 2414 785 4208 146 2827 750 3262 431 2202 883 1018 962 2049 186 751 799 4345 459 4239 733 2973 472 3365 748 4848 80 2206 425 958 570 691 221 4709 407 2724 393 3047 928 1437 699
93 20 46697 3526 974 4418 274 4353 431 4358 930 45 4 4691 399 1616 615 4745 962 4227 235 3158 622 943 667 3854 810 3711 973 736 394 1881 996 1887 719 996 510 4544 257 1365 389 3318 65
94 20 44168 3309 978 2846 116 4571 980 3567 23 3654 749 926 801 4230 236 1100 953 3989 9 2663 899 755 611 1358 809 2581 700 1185 372 2235 455 4014 652 4409 20 4701 900 2805 799 312 613
95 20 41563 1590 184 235 156 4350 934 3038 328 2551 689 1514 52 1319 136 1426 914 428 322 2931 598 3735 464 4701 271 3993 511 2221 635 1123 180 3103 706 4177 488 2355 600 3321 49 3843 74
96 20 40472 4186 595 1144 168 3345 421 1578 158 4829 424 2166 998 2654 412 166 263 1165 99 1407 784 3859 220 3782 457 2886 997 1512 346 3902 933 4081 369 2465 588 1354 894 87 878 4023 815
97 20 38908 4643 606 3666 172 421 526 1884 904 2792 684 4404 534 2384 919 515 766 3497 781 227 598 3980 182 1364 772 1309 278 2586 747 1253 902 439 610 4442 404 3556 360 3507 78 1766 124
98 20 31653 2720 988 1490 75 1709 684 3691 52 3435 845 298 861 501 613 501 535 1271 298 4380 794 2318 474 3240 817 2228 668 527 635 390 633 4863 227 1268 127 384 476 1233 906 3120 822
99 20 42675 3461 359 4239 954 2310 826 3541 807 2008 986 264 544 3597 880 4473 661 3298 731 832 421 1142 811 2506 631 3057 550 207 125 4741 2 947 131 4350 733 4009 291 103 911 4259 294
100 20 39331 1894 155 1975 620 60 500 2169 610 1853 749 2183 724 912 627 4733 819 1331 572 4871 694 1251 1000 1862 533 2276 48 4620 122 2512 181 498 494 1724 54 4029 781 4116 119 4295 448
