1 20 356290 7179 2 8571 452 40397 38 29721 834 5430 259 10797 295 29253 120 30060 242 3018 568 42781 457 13435 901 47515 617 48843 566 1447 89 1394 776 27334 514 32965 470 36511 200 24262 610 4450 401
2 20 327848 4410 800 35090 506 14808 690 1582 657 46766 520 16666 130 1488 852 33519 170 28553 548 17491 189 30053 978 31980 790 8298 937 2929 833 41433 70 17651 294 32693 741 8099 877 26474 235 9828 675
3 20 430829 14869 854 27442 943 31401 954 47752 213 29358 862 26738 833 9907 216 47533 427 29573 67 17242 72 13483 650 31677 708 35019 248 4297 962 23846 607 37125 454 39080 751 34535 307 35362 813 2298 448
4 20 360834 7595 138 27107 693 38997 466 43335 722 26913 332 9889 620 17500 905 15770 175 38392 108 16463 137 23548 571 15210 682 40899 740 5059 950 33284 48 16074 982 18945 795 10940 100 32102 392 13021 933
5 20 375473 15626 928 46309 516 21835 672 31883 944 48278 208 10067 575 40003 770 38695 731 3395 839 11374 617 24189 102 38786 773 6865 886 38612 906 4793 866 31925 409 27639 184 12984 412 8001 628 8083 754
6 20 378113 19060 887 39527 796 30237 65 4940 476 9380 904 27865 784 31687 692 23741 872 19934 769 6566 733 38484 586 3127 383 47399 266 6217 637 22674 264 39792 283 21706 676 2157 890 32230 528 45919 232
7 20 428185 32288 877 16182 56 32968 171 28740 577 40408 657 12094 343 5691 599 25066 863 48989 751 32057 853 29287 309 34882 826 23550 375 21477 341 14002 849 8342 579 46639 194 49477 705 13228 518 19865 503
8 20 426731 48978 457 49600 185 45536 875 27639 423 9213 232 11279 300 23141 223 21668 944 10889 777 20370 245 47110 75 45406 319 33135 917 42924 166 3993 301 19314 701 4836 183 35469 511 14011 825 18903 631
9 20 371344 42038 459 46237 354 498 67 40326 104 27934 332 18014 534 11124 448 31531 157 14704 529 10132 981 14370 450 39442 84 6161 785 8330 490 40009 823 3501 480 2565 810 41055 402 23359 454 42850 845
10 20 396162 49500 711 20101 813 30704 444 12787 237 18263 297 20276 243 46340 890 47322 670 24882 312 8628 62 11231 384 7497 119 25410 806 43456 326 24864 423 39405 440 35002 801 19209 719 4384 274 5942 443
11 20 383928 14988 573 5463 263 30182 401 11698 879 18853 940 19297 962 31084 462 24979 42 32918 8 46400 243 13406 330 17377 677 45495 296 12878 994 16996 317 4879 4 47238 568 32081 320 46603 170 7096 283
12 20 435111 45896 852 2695 289 40808 93 2899 34 12644 976 15646 392 29912 15 13799 192 37279 801 44749 1000 16199 6 39358 429 44861 379 13000 209 31587 98 48143 356 32980 7 16600 429 38668 316 16166 982
13 20 438868 3 207 46381 537 24437 71 7452 533 35275 781 41923 557 17384 67 48142 602 5972 773 27835 151 31582 896 43726 472 19259 278 41799 472 25039 221 16009 765 36474 194 7009 646 43302 973 29583 882
14 20 443561 29549 448 7517 884 32629 904 23639 302 47745 376 49941 595 31706 481 32890 83 33629 767 29500 164 47803 188 11366 249 26198 172 24696 961 23649 153 20998 165 21995 119 25227 594 14533 210 19242 912
15 20 440476 21014 768 5972 815 18061 780 46009 697 31637 896 39949 169 44886 51 42504 789 20730 407 4995 376 34710 439 44879 724 19624 150 36791 826 26790 877 8113 959 5762 904 39857 3 37515 798 20797 865
16 20 359145 3745 915 15886 238 35519 55 20612 940 46702 840 29725 39 9995 334 40953 316 34380 867 520 860 164 376 11629 297 14808 161 38905 200 45121 787 8392 198 32818 450 39095 926 8228 394 11735 411
17 20 405884 20567 297 2931 790 20420 415 47750 192 28196 16 39870 979 13986 754 7002 135 21499 273 31283 869 39657 909 25653 465 37530 299 36873 358 27146 967 17414 613 1608 460 43150 316 43007 576 1813 133
18 20 424146 46630 401 42828 871 34382 462 44653 617 10094 182 22554 19 35769 527 31454 494 33724 451 4540 619 26085 411 13637 925 26478 118 38399 241 1648 724 5216 525 9344 779 28366 43 48827 567 25555 908
19 20 380494 7039 621 7169 505 18212 512 46548 317 3703 593 8766 129 37423 356 14183 216 26262 134 1913 869 23492 849 33005 925 40956 457 36804 833 45623 142 39144 694 25257 261 11490 320 22883 307 25746 883
20 20 301732 1797 527 45641 364 11487 65 37808 570 47297 812 35994 236 13091 436 6482 665 18531 906 11399 558 2805 381 190 472 2123 876 18761 364 25289 465 30287 429 9226 771 25089 267 948 159 32920 879
21 20 388699 3318 248 5804 838 48632 261 20938 868 40768 948 28573 898 30577 122 6128 464 12260 540 24214 332 2834 674 15417 166 13973 570 49769 687 11803 157 43634 743 49458 655 47468 599 3851 652 26455 693
22 20 458412 21383 494 36671 72 42295 259 35702 916 40560 882 18571 294 48347 229 48237 530 44946 595 23056 81 17181 652 34348 80 33763 56 31844 3 16102 431 27531 24 12754 519 37833 358 968 775 924 819
23 20 371035 28383 708 31983 968 312 653 48461 249 5897 268 30344 94 37661 991 4100 368 28650 991 18725 939 32387 496 405 516 4999 899 14389 735 22811 925 3715 32 30992 484 47159 281 36743 869 35678 489
24 20 403474 1185 409 36062 587 14979 408 28833 892 38385 134 26495 315 35635 979 6543 776 5583 630 31149 386 31570 931 33772 741 6670 469 43717 907 26218 122 24735 326 38548 130 40708 976 26832 494 6724 406
25 20 416039 1822 99 37340 311 39609 119 42900 237 19516 531 15962 924 41377 753 34071 552 21256 933 14806 167 48256 398 18419 201 49804 14 19015 839 22467 329 23980 561 27092 969 26987 552 14371 140 999 540
26 20 376551 39572 241 49583 134 15172 448 43270 972 5732 837 4040 465 32056 336 4180 820 25592 909 19435 934 7705 999 41379 784 39450 884 48886 451 18189 370 4416 864 38089 123 22319 390 741 798 10883 37
27 20 360376 38293 871 8250 256 7899 932 22818 24 26702 500 33622 756 855 393 14413 635 19310 720 22950 348 19882 213 42833 13 38254 983 20517 457 44971 991 28998 474 8921 784 35786 924 7022 909 8175 657
28 20 351740 3134 848 16855 889 33700 217 20961 293 7793 496 9837 504 39493 720 16203 299 32875 638 4476 900 4174 349 17020 406 21939 430 4029 705 42549 130 33892 951 2787 53 45682 467 36859 199 45417 484
29 20 433599 47272 530 43519 78 46378 654 15005 916 44722 111 41958 384 20087 839 42477 665 22683 140 25344 836 45971 965 6221 355 8651 520 301 673 28858 101 11055 736 15070 864 4153 957 26629 138 45645 703
30 20 400972 17216 157 11075 481 21247 75 7430 428 22607 921 6376 503 16699 771 27361 357 26070 604 28699 298 26948 695 15768 706 31250 948 49404 390 46506 108 42772 458 36380 271 25087 487 24076 508 18244 787
31 20 415463 48790 117 33849 643 9037 736 40102 500 27783 584 19046 359 23441 639 23793 968 14996 422 29833 751 9369 21 34977 334 47294 615 5692 992 19431 840 7082 274 42776 226 5605 116 36182 110 40251 646
32 20 376024 18547 994 21928 676 25775 562 37699 606 1531 1 7809 593 1781 555 39466 826 32875 695 17259 322 28975 597 49957 767 202 382 46315 752 29129 780 11180 52 20023 11 31776 155 35238 919 12566 783
33 20 349414 44746 538 10816 244 31648 919 29276 490 1201 645 32387 187 45558 123 8951 755 21586 46 15102 548 48779 670 4766 513 4955 979 19829 168 4485 838 13586 784 12357 263 9924 759 36456 705 40360 749
34 20 353410 9042 179 12698 371 24143 968 19565 993 49871 465 15713 879 29508 558 11021 110 7610 188 1861 681 44715 516 2533 352 36306 906 17259 543 34265 472 35995 850 23972 474 25729 82 9798 758 30159 949
35 20 286776 15749 53 38551 880 15731 395 3969 510 26869 794 392 459 18436 598 18279 667 17257 834 21292 125 12811 989 28325 724 23108 180 39764 709 4187 209 12262 978 33747 54 9308 532 12198 638 6235 393
36 20 437902 41159 364 28662 40 27332 4 22358 643 12960 585 15252 247 39978 65 37799 713 27729 326 33815 792 48899 969 8174 918 45758 146 17985 467 10408 208 13896 737 48676 22 18754 670 28908 947 18876 369
37 20 332738 9310 447 3914 197 23034 636 47129 823 10927 704 14942 133 26274 628 32203 741 18417 240 5316 256 27361 737 786 604 32669 55 24485 245 19189 230 43675 658 35105 494 8460 749 9332 906 23395 945
38 20 508505 42080 567 26588 879 30273 18 15137 170 45030 996 39945 163 20783 103 448 355 48606 175 48775 958 30680 155 48162 703 24455 812 18593 69 46883 16 31458 749 27438 232 26975 813 21062 54 42261 642
39 20 334220 20516 801 16281 625 48026 350 2044 147 13757 960 36032 632 13445 643 45603 427 27246 952 18263 38 2901 411 38958 523 19969 301 14568 256 5858 706 8981 368 43397 33 2017 493 10221 157 29692 849
40 20 393768 43572 879 23245 692 18313 227 46953 392 20947 918 25510 542 24970 790 41962 38 9109 662 19836 487 36813 85 9801 412 16804 884 17384 275 46623 917 16 553 24177 328 2523 639 36290 22 27363 809
41 20 405228 20306 553 22646 213 6590 193 2456 260 16108 675 8978 569 25896 615 45798 982 44288 374 7578 632 34399 217 40019 435 49148 140 39967 379 21681 638 6867 497 35509 334 31172 631 36624 140 10505 718
42 20 434684 49074 457 40293 57 40166 721 33055 255 32486 229 12504 415 414 557 19886 310 721 266 30894 880 47507 813 10032 636 34229 304 5010 886 48923 375 19259 560 34128 215 10050 229 28427 605 46297 545
43 20 458152 21336 154 47026 745 49873 463 48032 775 995 369 43239 407 2459 491 37628 379 29173 824 528 382 36293 45 23614 32 5762 404 24994 581 45655 744 23867 449 37056 212 17457 509 46701 342 31002 179
44 20 525159 18591 813 45316 563 47035 314 42027 217 34936 771 35127 32 44886 394 37954 616 42693 83 26846 490 29793 662 6504 201 19981 180 41951 410 19222 470 48900 62 38242 151 3418 717 26874 253 46153 452
45 20 381555 16596 921 46904 214 1160 800 12783 142 49852 705 38401 875 41365 159 18330 199 2157 863 8093 430 16545 465 30042 608 227 851 40125 928 29968 648 2433 50 21304 884 38105 190 42414 426 20140 367
46 20 358764 13589 7 32642 45 17036 69 29272 824 30232 651 15720 516 16980 290 16043 633 40794 10 22348 396 23706 797 26952 245 29427 603 18666 281 12929 279 19864 898 6164 22 18818 791 25275 609 31998 433
47 20 476823 45287 155 18465 98 39413 713 13091 778 41217 40 16254 443 30910 338 16249 99 48542 419 41183 663 18465 65 27654 615 35010 726 45172 121 37328 826 19322 268 43203 461 3077 964 42233 6 13954 564
48 20 345761 25016 511 4961 927 37004 320 2247 94 49514 436 10415 637 5630 895 28802 270 2513 615 7956 578 34833 972 9694 840 27853 216 42133 191 36376 10 17218 666 31395 159 7462 989 32554 760 18626 129
49 20 334736 14654 701 9182 107 10797 844 33059 766 4748 958 17134 541 511 474 43407 507 44692 597 26076 186 18245 780 4185 81 22769 322 31216 139 22404 179 313 516 8669 715 45736 632 15076 557 45548 529
50 20 312104 9096 474 35645 72 35808 463 10857 534 21644 51 34238 447 40027 534 32543 550 460 544 8070 505 20344 664 20328 711 2701 12 7297 285 43149 429 37296 880 12359 59 6222 849 3727 347 8320 697
51 20 448727 19495 890 40260 983 26857 74 47922 648 32635 674 9926 32 43259 809 14680 212 49590 218 32339 587 17935 762 40521 302 4719 257 19810 736 46786 743 48083 738 46826 120 12865 607 1830 840 4571 710
52 20 396274 34377 707 30262 626 3544 671 20709 803 17220 407 34972 953 28101 474 41630 810 24439 233 16764 844 12092 414 24072 852 32099 293 3881 806 39867 225 46497 200 5263 199 31959 359 27790 733 19805 342
53 20 383970 8697 462 33095 668 41176 844 13977 441 33400 667 21490 586 28807 259 139 933 49027 889 16437 842 40768 566 38397 34 28189 862 18001 123 27429 830 491 456 17817 579 19092 566 37517 583 6017 541
54 20 397632 43951 560 46699 711 41985 815 472 202 7121 545 15914 775 29221 402 15744 426 19281 813 821 1000 33788 698 7046 206 28441 161 35425 312 38526 878 36161 274 37102 671 34003 466 7413 504 17926 813
55 20 399854 10419 746 19607 706 39713 118 32 857 27212 518 37782 493 47171 479 14388 150 6517 597 35937 696 17499 57 44479 127 1833 676 20331 88 36418 546 47236 528 6994 177 27872 515 30959 391 27419 952
56 20 408303 43193 249 28425 19 18172 338 18681 423 16552 624 42905 597 34668 689 6290 49 39747 311 7464 718 9210 337 44186 63 48643 251 44326 93 7859 618 7214 105 14779 247 25644 985 42379 387 10042 4
57 20 328975 4620 112 3202 315 8887 652 20201 860 16416 305 31079 397 37184 176 8603 442 43813 155 25553 286 16697 1 33307 670 23866 505 22239 953 7452 340 25047 276 24129 387 24705 360 7539 361 26680 858
58 20 379341 10968 996 19430 828 26403 741 24626 359 45889 20 22334 811 1819 844 38153 649 18797 709 34743 586 35677 572 10835 298 18874 2 7757 793 18173 569 42649 710 42703 378 9079 919 18164 280 27104 974
59 20 374920 8780 647 22039 906 46748 937 24917 137 4169 221 22784 430 17105 122 6174 318 49789 622 35731 419 30563 291 31356 670 24823 888 12515 751 28955 850 8136 324 23578 674 44772 493 5021 121 20695 903
60 20 375912 49768 991 14881 521 1146 249 17871 232 17264 245 23005 238 25864 773 42179 302 32719 478 18039 903 42883 604 10741 764 39669 431 3468 821 15375 894 10236 157 24333 141 21799 964 21647 214 37003 700
61 20 409113 23444 469 12297 184 15449 585 44373 73 29941 7 21667 637 15168 650 27181 888 20153 336 35847 249 45216 638 11821 321 46141 983 21239 289 26742 40 15159 644 37870 277 11 89 12602 826 49071 738
62 20 322150 7983 430 2724 179 48736 755 34453 769 18990 711 23851 426 41147 858 13073 396 36750 643 32616 374 13298 571 42914 163 17499 946 19743 231 4096 780 1510 931 17655 889 1497 121 6208 122 17945 345
63 20 430766 14363 990 40324 233 22203 997 45377 239 26788 726 35399 642 844 77 33213 109 2063 958 8139 182 26092 231 43988 587 33232 851 14110 994 48997 230 43014 762 32500 257 40858 423 8819 222 18135 246
64 20 375864 6648 445 502 569 27901 475 13269 420 24170 647 30251 116 28016 514 46702 275 1357 891 31511 580 38585 20 13363 486 37068 392 21072 694 16455 905 32924 773 32484 382 27580 183 30810 736 9162 145
65 20 331764 33750 507 46191 902 15543 682 17780 463 19440 955 6227 458 29825 200 27114 359 43879 780 11199 471 22165 893 26711 927 29520 693 599 547 10969 157 23704 577 27227 337 9136 289 6073 74 7654 591
66 20 394072 5031 360 37869 123 41578 312 11534 502 4993 333 21714 214 7717 306 22616 810 42347 685 41876 226 42484 487 41192 123 4900 409 21617 52 39129 661 31408 275 21135 618 1686 676 6682 916 45083 149
67 20 454437 36446 84 40839 943 39519 641 40746 928 3491 431 7304 277 44104 30 18857 95 6108 592 11662 677 9255 934 40090 382 48630 918 36833 164 18470 630 39778 634 22947 914 31404 9 37336 772 34228 65
68 20 381756 32392 766 22438 824 33747 594 8758 265 42898 100 6856 757 24542 943 49458 374 7097 401 24873 351 4858 836 30739 83 23419 994 40171 900 23958 353 16498 391 36154 721 7704 709 2719 945 37917 831
69 20 338347 25093 233 5033 801 3671 131 48545 436 14704 425 29745 336 43216 261 10139 960 24163 179 13545 476 17641 907 24148 58 31177 409 48019 165 15712 99 40387 815 7477 620 5173 798 14843 798 503 756
70 20 421792 49743 62 43270 133 14711 874 4538 441 13209 212 31763 997 45409 949 3282 58 5120 826 43782 89 42461 510 47514 921 48805 83 3417 899 15911 762 18520 747 5688 45 33011 558 47763 815 9324 267
71 20 337931 12721 891 31227 666 9769 558 14313 540 26017 636 202 718 7318 487 17119 890 2962 763 17561 328 20533 394 40972 237 34489 134 32298 47 19367 934 16969 106 11549 251 34743 667 43135 338 29150 375
72 20 450932 17376 576 21083 979 40013 50 37135 501 48431 961 41583 703 20404 537 9948 512 15788 136 2723 280 11653 281 37057 7 48534 601 39529 953 38394 424 14974 277 35917 670 42601 834 32813 886 7709 379
73 20 452803 47459 670 29052 146 14443 162 25357 906 14038 637 3680 136 22644 39 38468 943 43623 648 38656 965 42779 501 22533 485 27458 596 18257 18 26776 771 48797 104 48919 941 29600 671 3774 658 19691 242
74 20 373979 10763 814 48094 470 9260 241 19631 31 13710 149 3488 40 14174 210 5795 547 35540 158 29822 965 43140 642 25093 242 300 405 24285 131 48824 754 34658 857 11685 235 39298 810 39456 209 10458 338
75 20 330418 659 540 10609 296 22610 876 25980 933 4764 890 18380 620 46709 420 6694 941 35291 903 1920 596 9384 708 31381 913 8869 382 20133 145 38749 788 7729 134 41177 295 30777 799 26903 537 24305 128
76 20 427838 6626 569 24422 905 16360 708 19686 181 3318 349 28176 904 30966 124 34880 185 30826 287 7777 947 32378 699 49788 674 31386 808 30278 578 37945 480 44413 96 18141 693 36147 930 22963 809 28322 592
77 20 528697 20895 80 31406 447 17952 569 44179 637 38912 409 39219 613 40462 565 34524 124 45257 208 25555 815 45416 408 39826 131 45130 545 35011 247 25971 565 21567 15 25300 347 35849 954 26327 23 22114 892
78 20 263161 5855 735 16849 781 48435 483 13914 550 17978 710 26170 299 14910 164 2043 932 19054 939 25226 809 38424 969 131 557 33147 165 5006 696 7392 760 21519 786 11298 43 7319 383 10343 442 3939 647
79 20 364008 44170 726 685 399 20009 816 27911 545 15513 881 20087 98 12985 466 28133 477 30733 780 6679 459 19334 233 15469 458 30024 653 19996 231 34998 430 5768 197 30547 424 27862 271 22933 558 41175 153
80 20 381057 17618 955 14 622 47995 451 3998 83 43679 258 29217 67 45274 401 33774 570 40069 461 6360 790 14155 302 20050 95 6959 951 1186 83 32389 191 25920 691 45098 866 38395 723 16176 317 7996 113
81 20 406050 1577 460 34832 872 36451 217 17071 490 20434 644 11524 277 33138 685 23611 635 34038 711 37307 172 16393 425 32757 252 24284 383 17650 956 12202 278 47898 286 23550 319 39382 640 3424 395 40040 475
82 20 433611 34665 248 108 600 37986 123 39259 505 15441 615 11532 950 36386 532 18367 120 33403 610 9461 979 48651 866 2001 839 28550 905 49530 695 14221 773 39706 800 45537 311 7181 469 33140 129 36889 636
83 20 321088 7070 796 37957 730 5639 177 39579 86 49954 81 5660 263 2112 307 17950 829 13663 59 32880 669 30335 956 38832 8 24689 180 11903 985 39438 411 11175 459 18335 113 11883 349 108 125 2199 748
84 20 423174 12938 37 3130 784 30173 939 28863 283 49961 50 19835 865 15268 578 21655 665 24250 425 29639 238 38286 964 35479 308 2394 122 14352 797 40241 928 34871 608 33870 822 37354 156 40463 779 15946 217
85 20 411335 25811 550 8058 205 25143 44 32470 690 12526 550 13461 248 1627 571 10188 164 38862 316 37685 400 47576 996 21907 975 34662 89 45726 765 16215 384 42919 916 42855 729 9632 50 32989 954 13857 319
86 20 458604 9816 10 38224 343 3974 204 28250 728 41171 448 28317 308 25668 351 37828 760 9512 622 18479 614 16754 176 38937 406 45048 902 34924 974 14408 820 37845 726 22248 714 49188 93 46450 236 26215 802
87 20 464051 10130 840 33604 329 45915 781 31750 912 5488 146 33956 110 23213 808 14042 966 39894 57 35647 873 26096 815 29198 880 48340 696 47850 635 5138 455 33763 215 42818 75 7907 893 16220 85 49095 920
88 20 444153 46831 433 35068 597 4117 658 31862 643 26844 505 5441 510 43043 719 24887 873 21550 106 28515 866 25309 867 47162 589 14502 377 26437 817 26739 177 38120 556 28884 731 40200 455 36774 155 2907 766
89 20 340578 12310 509 179 683 38325 169 33826 48 1540 831 45452 951 12755 47 8368 6 41339 83 23054 420 31275 738 7862 838 1294 747 44921 588 9943 258 32162 278 22792 421 3829 534 18500 104 35997 852
90 20 359594 12785 414 20150 375 10115 475 27198 645 37574 624 17683 201 8269 316 40239 618 6842 435 3363 485 45615 261 5591 829 11936 506 2609 54 47994 240 11940 160 33324 321 47366 93 23611 183 35289 217
91 20 443515 10541 136 30250 847 14802 379 45293 828 47371 603 14589 148 42904 154 40068 462 14912 899 29960 662 5327 814 41294 713 45004 711 16459 59 11482 632 46846 695 18208 799 7700 788 44724 876 26660 85
92 20 434114 24132 785 42072 146 28269 750 32617 431 22019 883 10179 962 20483 186 7510 799 43449 459 42384 733 29724 472 33643 748 48472 80 22060 425 9576 570 6909 221 47084 407 27231 393 30463 928 14367 699
93 20 466905 35256 974 44178 274 43521 431 43577 930 445 4 46905 399 16154 615 47450 962 42269 235 31578 622 9421 667 38538 810 37101 973 7358 394 18807 996 18868 719 9952 510 45433 257 13644 389 33177 65
94 20 441592 33082 978 28456 116 45708 980 35667 23 36536 749 9259 801 42296 236 10992 953 39883 9 26621 899 7541 611 13578 809 25802 700 11847 372 22343 455 40134 652 44083 20 47004 900 28048 799 3111 613
95 20 415555 15891 184 2346 156 43499 934 30377 328 25503 689 15133 52 13186 136 14254 914 4271 322 29304 598 37350 464 47010 271 39927 511 22201 635 11230 180 31024 706 41765 488 23549 600 33203 49 38421 74
96 20 404668 41855 595 11439 168 33445 421 15778 158 48287 424 21659 998 26538 412 1652 263 11641 99 14070 784 38588 220 37812 457 28856 997 15118 346 39012 933 40805 369 24650 588 13539 894 864 878 40228 815
97 20 389001 46427 606 36653 172 4201 526 18834 904 27915 684 44033 534 23839 919 5147 766 34967 781 2262 598 39791 182 13636 772 13083 278 25855 747 12527 902 4386 610 44417 404 35555 360 35065 78 17659 124
98 20 316438 27192 988 14892 75 17084 684 36902 52 34341 845 2977 861 5006 613 5006 535 12706 298 43791 794 23177 474 32393 817 22278 668 5261 635 3893 633 48624 227 12673 127 3835 476 12324 906 31193 822
99 20 426686 34603 359 42382 954 23099 826 35410 807 20078 986 2637 544 35963 880 44726 661 32979 731 8315 421 11414 811 25055 631 30563 550 2062 125 47402 2 9469 131 43498 733 40087 291 1028 911 42588 294
100 20 393256 18936 155 19743 620 596 500 21688 610 18528 749 21830 724 9117 627 47323 819 13309 572 48704 694 12502 1000 18619 533 22754 48 46196 122 25119 181 4980 494 17233 54 40289 781 41160 119 42945 448
