1 20 5932 144 230 2 102 172 255 452 507 808 828 38 134 595 635 834 851 109 198 259 333 216 295 295 366 586 627 120 208 602 642 242 318 61 155 568 612 856 871 457 511
2 20 8148 901 911 951 956 617 655 977 980 566 609 29 127 89 180 28 126 776 799 547 592 514 563 660 694 470 523 731 758 200 280 486 537 610 649 89 181 401 461 543 589
3 20 7670 800 820 702 732 506 556 297 367 690 721 32 129 657 691 936 942 520 568 334 400 130 217 30 127 852 867 671 704 170 253 572 614 548 593 350 415 189 270 602 641
4 20 7746 640 676 790 811 166 250 937 943 59 153 833 849 829 846 70 163 354 418 294 364 654 689 741 767 162 246 877 890 530 577 235 311 197 277 675 707 342 408 298 368
5 20 8680 549 594 943 949 629 666 954 959 956 960 213 292 588 629 862 876 535 582 833 849 199 279 216 294 951 956 427 485 592 633 67 161 345 411 72 165 270 343 650 685
6 20 8452 708 737 701 731 248 324 86 178 962 966 477 530 607 646 743 769 454 509 782 804 751 776 691 722 307 376 708 737 813 831 46 142 448 503 744 769 152 237 138 224
7 20 7722 693 723 780 802 466 519 867 881 722 750 539 585 332 399 198 278 620 658 350 415 905 914 316 384 175 258 768 792 108 197 330 397 137 224 471 524 571 614 305 374
8 20 8816 818 837 740 766 102 192 950 955 666 700 48 143 322 390 982 984 379 442 795 816 219 297 100 190 643 678 392 453 261 335 933 940 503 553 313 382 928 935 927 934
9 20 9284 437 494 672 705 638 674 944 949 966 969 208 287 202 282 575 618 801 821 770 793 774 797 731 758 68 162 839 855 228 305 617 656 484 536 102 192 776 799 773 795
10 20 8650 886 898 773 796 906 915 96 187 866 880 639 675 409 468 553 598 184 266 260 334 412 471 161 245 628 665 162 246 754 779 268 341 382 444 887 898 791 812 796 817
11 20 8424 65 158 99 189 476 529 188 269 904 914 558 602 784 805 634 671 692 723 475 528 872 884 399 459 769 792 132 219 733 760 770 793 586 628 63 157 383 445 948 954
12 20 8100 125 212 637 674 454 509 264 338 796 817 283 355 435 491 676 708 44 139 890 901 645 681 528 575 919 927 232 309 635 671 646 682 877 890 324 392 56 151 660 694
13 20 9417 575 618 577 619 809 828 657 692 242 318 343 409 114 203 599 639 502 552 863 877 980 982 751 776 642 678 853 868 586 628 309 378 698 728 826 843 471 524 375 438
14 20 9674 341 407 281 353 849 865 167 251 579 621 933 940 194 275 990 991 705 734 265 339 518 566 398 458 503 553 970 973 980 982 457 512 992 993 185 267 911 920 875 888
15 20 7810 423 481 185 266 232 309 226 304 300 370 463 517 223 301 434 491 944 950 218 296 777 799 408 467 245 320 943 948 75 167 909 918 319 387 663 697 917 925 859 873
16 20 7270 80 172 301 371 387 448 701 731 97 188 183 265 710 739 511 560 281 353 825 843 379 441 631 668 539 585 841 857 459 514 925 933 354 419 10 109 67 161 807 826
17 20 6744 559 603 332 399 361 425 534 580 223 301 448 504 631 668 157 242 295 365 529 576 203 283 981 983 288 359 450 505 789 810 84 176 124 211 785 806 167 250 490 541
18 20 8536 823 841 71 164 480 532 52 147 810 829 822 839 402 462 468 521 454 508 857 872 845 860 118 207 990 991 711 740 403 462 813 832 615 653 444 500 256 331 237 313
19 20 7449 297 367 406 465 243 319 927 935 890 901 947 952 670 703 498 548 312 381 173 256 62 156 225 303 384 446 150 235 119 207 509 558 806 826 870 883 326 393 498 548
20 20 7592 789 810 440 496 701 731 801 821 385 446 719 747 88 179 274 347 119 207 443 499 990 991 300 370 573 615 110 199 263 337 604 644 401 461 234 311 879 891 378 440
21 20 7640 386 448 962 966 622 660 462 516 500 550 42 138 659 693 8 107 928 936 243 318 269 342 330 397 348 413 677 709 910 919 296 366 258 332 994 994 340 406 317 385
22 20 7144 4 104 945 951 568 611 642 678 320 388 933 939 170 253 142 228 283 355 580 622 918 927 852 867 54 149 289 360 817 835 93 183 58 153 34 131 253 328 976 978
23 20 7921 392 453 599 639 15 114 276 349 192 272 746 772 801 821 895 906 1000 1000 324 392 6 105 788 809 429 487 898 908 379 441 260 334 209 288 632 669 98 188 963 967
24 20 7936 660 694 7 106 332 399 429 486 774 797 316 384 324 391 982 983 855 870 1 101 207 286 928 935 537 583 489 540 71 164 150 235 533 580 706 735 781 803 839 855
25 20 8188 348 413 67 160 963 967 602 642 120 208 773 796 557 602 151 236 632 669 896 906 875 888 472 525 386 447 278 350 836 853 472 525 501 551 221 299 321 389 765 789
26 20 9440 194 274 141 227 646 681 867 880 973 975 592 633 882 894 175 257 591 632 448 503 151 236 884 896 653 688 904 914 473 526 302 372 955 960 376 439 999 999 595 636
27 20 7072 481 533 658 693 83 174 673 706 767 790 590 631 164 248 957 961 188 269 228 305 249 324 524 572 172 255 494 545 961 965 473 526 153 238 420 478 165 249 440 496
28 20 9284 505 555 594 635 291 362 210 289 385 447 912 921 429 486 421 479 768 791 120 208 815 834 362 426 780 802 921 929 697 728 633 670 896 907 799 820 169 252 898 908
29 20 9083 851 866 789 810 415 474 407 467 100 190 376 438 695 725 439 495 898 908 724 751 393 454 150 235 736 763 826 844 536 583 877 890 163 247 959 963 116 204 904 914
30 20 8298 3 103 751 776 798 818 416 475 865 879 932 939 75 168 915 924 318 386 238 314 711 740 55 150 413 472 940 946 935 941 840 856 595 636 39 135 200 280 334 401
31 20 7227 316 385 688 719 867 880 11 110 860 874 4 103 376 439 233 310 297 368 297 367 161 245 779 801 200 280 903 913 787 809 168 252 198 278 657 691 450 505 782 804
32 20 6686 165 249 394 455 235 312 411 470 92 183 412 471 297 368 59 153 790 811 409 468 415 474 955 960 192 273 564 608 16 115 798 818 979 981 280 352 754 779 141 227
33 20 8936 430 487 273 346 626 664 869 882 794 814 909 919 514 562 465 519 751 776 299 369 738 764 358 422 543 589 967 971 349 414 613 652 33 129 460 514 863 877 316 384
34 20 8205 576 619 37 133 133 220 566 609 933 940 401 461 857 871 871 884 688 719 462 516 894 904 617 655 202 282 182 264 452 506 19 118 716 744 527 574 630 667 494 545
35 20 7112 451 506 91 182 619 658 522 570 411 470 273 346 925 932 530 577 118 206 768 792 241 317 33 130 724 752 105 194 525 572 187 269 779 801 568 611 43 138 977 979
36 20 7212 512 560 908 917 955 959 141 227 621 659 144 230 505 554 365 428 512 561 931 938 317 385 75 167 593 633 176 258 129 216 749 774 356 420 284 356 216 294 526 573
37 20 9019 39 135 869 882 470 523 849 864 661 695 925 933 820 838 457 511 737 763 833 850 913 922 142 228 783 805 694 725 506 555 261 335 230 307 320 388 458 512 307 376
38 20 8586 883 895 904 914 36 133 527 575 913 922 364 427 230 307 65 158 757 781 570 613 946 952 812 831 720 748 236 312 262 336 436 493 130 217 665 699 371 434 906 915
39 20 6159 558 602 57 151 381 443 4 104 472 524 43 139 876 888 376 438 364 428 506 556 465 518 606 646 429 486 185 267 771 794 502 552 267 341 19 118 159 244 659 693
40 20 8372 849 864 67 160 248 323 117 205 838 854 973 976 261 335 419 477 868 882 816 834 948 953 572 615 898 908 612 651 122 210 123 211 464 518 246 321 540 586 485 536
41 20 8716 57 152 674 706 309 378 166 249 280 352 570 613 996 996 687 719 237 313 157 242 873 886 743 768 990 991 655 690 950 955 599 640 78 170 652 687 530 577 693 724
42 20 9241 428 485 494 545 734 761 72 165 846 862 259 333 715 743 916 924 812 831 882 894 372 435 294 364 967 971 229 306 965 969 530 577 899 910 595 636 462 515 81 173
43 20 6668 652 687 687 719 80 172 676 708 56 151 637 674 3 103 323 390 431 488 551 596 24 122 256 330 519 567 757 781 358 422 20 118 775 797 19 117 819 837 693 724
44 20 8802 708 737 640 676 968 971 7 106 653 687 970 973 249 324 118 207 268 342 607 647 94 184 754 778 991 992 82 174 368 431 573 616 991 992 375 438 939 945 648 683
45 20 7968 9 108 516 564 100 190 899 909 288 359 735 762 457 511 925 933 75 167 32 129 620 658 484 536 944 949 281 353 735 762 869 883 714 743 489 540 764 788 24 122
46 20 8916 722 750 587 629 300 370 408 467 577 619 892 903 768 791 134 221 530 577 315 383 713 742 979 981 131 218 776 799 112 201 630 667 623 661 386 448 632 669 931 938
47 20 7671 741 767 134 221 469 522 875 887 907 917 525 572 122 210 495 546 326 393 771 794 130 217 815 833 976 979 537 583 494 544 135 222 406 465 595 635 37 133 99 189
48 20 8684 311 380 793 813 119 207 858 873 237 313 391 452 531 578 320 388 924 932 828 845 753 778 682 714 552 597 426 483 933 940 297 367 167 251 966 969 398 458 369 432
49 20 8427 997 997 14 113 381 443 839 855 450 505 329 396 480 532 561 605 542 588 969 972 540 586 552 596 288 359 140 226 20 118 540 586 867 881 792 813 241 317 992 993
50 20 9184 304 374 448 503 866 879 972 975 115 204 837 853 81 173 465 519 642 677 336 403 84 176 820 838 512 561 909 918 389 450 934 940 155 239 999 999 828 845 784 805
51 20 7832 884 895 978 980 451 506 364 428 370 433 89 180 864 878 762 786 123 211 447 502 390 451 15 114 798 818 218 296 37 133 942 948 766 790 871 884 165 249 256 330
52 20 7498 932 939 457 511 24 121 535 581 500 550 673 706 756 780 18 116 393 454 289 360 635 672 387 448 720 748 459 514 348 413 398 458 213 292 857 871 13 112 766 789
53 20 9546 411 470 457 511 900 910 991 992 580 622 474 526 179 261 784 806 716 745 924 932 141 227 909 919 164 248 657 691 834 851 63 157 848 863 338 404 889 900 674 707
54 20 6828 420 478 293 363 156 241 496 546 197 278 504 554 790 811 720 748 325 392 299 369 658 692 638 674 90 181 900 910 84 176 349 414 341 407 406 466 439 495 430 487
55 20 9007 705 735 851 866 130 217 678 711 951 956 56 151 53 147 914 923 467 520 738 764 199 279 909 918 484 535 117 206 946 951 530 577 871 884 78 171 928 935 654 689
56 20 8724 916 925 895 905 111 200 840 856 384 445 402 462 839 855 850 865 665 699 454 509 140 226 507 557 836 852 920 928 965 969 125 212 355 419 174 256 520 568 7 106
57 20 6749 578 620 101 191 222 299 736 763 302 372 864 877 84 175 957 961 533 580 138 225 913 922 703 733 452 507 345 410 157 241 222 300 481 533 425 483 75 168 149 234
58 20 8976 453 507 921 929 128 215 503 552 334 401 771 794 548 593 357 422 522 570 604 644 574 617 298 369 539 586 695 726 316 384 706 735 625 663 948 954 989 990 390 451
59 20 8207 108 197 856 870 458 512 728 755 271 344 502 552 487 538 482 534 508 558 365 429 787 809 74 167 976 979 117 205 677 710 643 679 181 263 736 762 803 822 500 550
60 20 8196 584 626 381 443 359 423 469 522 639 675 476 529 968 971 300 370 422 480 597 637 751 776 188 269 21 119 700 730 334 401 946 952 615 653 114 203 992 993 389 450
61 20 7829 142 228 274 346 856 870 226 303 113 201 116 204 724 752 110 199 806 825 646 681 825 842 371 434 994 994 439 495 676 708 516 564 562 605 754 779 606 645 31 128
62 20 9080 157 241 593 633 36 133 555 599 790 811 826 844 658 692 695 725 346 411 322 390 580 622 597 637 1000 1000 767 790 5 104 382 444 927 934 752 776 583 625 780 802
63 20 7782 52 147 401 461 11 110 636 672 155 239 705 735 919 928 252 327 783 805 622 660 895 906 538 585 217 295 244 320 633 670 919 928 586 627 490 541 25 122 645 680
64 20 6868 187 268 912 921 123 211 180 262 755 779 432 489 46 142 303 372 548 593 976 979 670 703 96 186 513 561 100 190 979 981 397 457 168 251 90 181 838 854 272 345
65 20 8546 248 323 263 336 199 279 759 784 730 757 705 735 808 827 749 774 623 661 181 263 179 261 254 329 371 434 483 535 968 971 392 453 993 994 998 998 465 518 315 383
66 20 7683 591 632 558 602 221 299 110 199 153 237 188 269 38 134 681 713 895 905 516 565 51 146 352 417 727 754 906 916 346 411 543 588 686 717 472 525 720 748 850 865
67 20 7541 474 527 515 564 82 174 196 277 758 782 604 643 949 954 730 757 315 384 53 148 772 794 880 892 315 384 395 455 80 172 510 559 538 584 794 815 8 108 459 513
68 20 8191 598 639 366 430 667 700 346 411 834 850 426 484 125 213 257 331 989 990 567 610 724 752 463 516 180 262 796 816 709 739 84 176 209 288 246 321 978 980 675 708
69 20 6622 187 268 532 579 244 320 638 674 125 213 393 454 517 565 824 841 364 428 574 616 40 136 547 592 4 103 448 503 643 679 260 334 585 626 306 375 247 322 800 820
70 20 8932 756 781 713 742 555 600 326 393 677 709 792 813 978 981 969 972 164 248 918 926 916 924 146 231 360 424 467 520 209 288 208 287 278 351 737 763 974 977 22 119
71 20 7744 670 703 579 621 947 953 378 440 369 432 455 510 187 268 447 502 79 171 197 278 461 515 636 672 943 949 823 841 219 297 704 734 299 369 133 220 526 573 628 665
72 20 6860 741 767 369 432 240 316 107 196 256 330 548 593 737 764 16 115 604 644 654 689 55 149 490 541 245 320 384 446 230 307 874 887 658 693 703 732 494 544 170 253
73 20 8592 187 268 906 915 468 522 945 951 931 938 842 858 567 610 532 579 879 891 606 645 18 117 303 373 170 253 901 911 996 996 799 820 163 247 416 475 103 192 9 109
74 20 9382 973 975 175 257 976 978 958 963 614 653 155 240 964 967 703 732 490 541 812 831 372 435 69 162 938 944 16 114 630 667 749 774 549 594 232 309 540 586 813 832
75 20 8737 54 148 846 861 642 678 877 889 411 470 801 821 326 394 625 662 961 965 350 415 41 137 147 233 276 348 960 964 721 749 632 668 269 342 643 679 913 921 427 484
76 20 5912 952 957 366 429 38 134 59 153 411 470 780 802 523 571 400 460 301 371 292 363 256 331 118 206 706 736 180 262 368 431 868 882 33 130 41 137 493 544 205 284
77 20 9008 594 635 849 864 243 319 872 885 879 892 465 519 692 722 367 430 227 304 940 946 392 453 419 478 918 927 511 560 542 588 500 550 790 811 840 856 38 135 183 264
78 20 7050 397 458 487 538 737 763 85 176 197 277 412 471 337 403 884 895 348 413 275 348 933 940 917 926 1 101 553 597 484 536 328 396 51 146 639 675 726 754 22 120
79 20 7407 809 828 151 236 407 466 553 598 453 508 213 292 132 219 193 274 50 145 260 334 323 390 675 708 180 262 569 612 518 567 615 654 916 925 982 984 886 898 374 436
80 20 8132 632 668 688 720 217 296 801 821 435 492 983 985 140 226 800 820 379 441 434 491 638 674 138 224 497 548 711 740 334 401 624 662 631 668 733 760 140 226 211 290
81 20 7380 763 787 982 984 457 511 806 826 57 151 804 823 721 749 662 695 255 329 650 685 229 307 251 326 415 473 9 108 557 602 398 458 310 379 15 113 266 340 618 657
82 20 8680 951 956 813 832 201 281 636 673 685 717 304 373 101 191 886 898 979 981 375 437 386 447 560 604 683 715 215 293 201 281 229 306 569 612 605 644 926 934 545 591
83 20 8479 427 485 154 239 941 947 745 771 998 998 463 517 961 965 775 798 20 118 369 432 865 879 407 466 50 145 491 542 753 778 379 441 584 626 824 842 11 110 382 444
84 20 7259 45 140 473 526 32 129 116 204 404 464 500 550 581 623 914 922 744 770 478 530 449 504 742 767 212 291 350 415 509 558 935 941 342 408 621 659 179 261 448 503
85 20 9623 813 832 907 916 563 607 941 947 314 383 841 857 217 295 699 729 771 794 703 733 32 129 898 908 394 455 760 784 616 655 854 869 83 174 537 584 490 541 596 637
86 20 7223 131 218 201 281 400 460 180 262 840 856 410 469 385 446 470 523 978 981 62 156 765 789 151 236 69 162 717 745 538 584 253 327 924 931 452 506 771 794 332 399
87 20 7656 939 945 214 293 24 121 800 820 256 331 142 228 998 998 705 734 769 792 875 888 828 845 159 243 367 430 199 279 44 139 863 876 162 246 430 487 331 398 465 518
88 20 7568 608 647 5 105 851 866 803 823 928 935 600 640 648 683 49 144 50 145 427 484 884 896 763 786 190 271 849 864 426 483 403 463 367 431 330 397 272 345 7 106
89 20 7213 45 140 341 407 69 162 586 627 824 841 605 645 651 686 315 383 516 564 340 406 290 361 321 389 633 670 816 835 10 109 447 503 396 457 475 527 797 817 540 586
90 20 7287 589 630 603 643 374 436 281 353 259 333 279 351 398 458 898 908 124 211 22 120 377 439 791 812 506 555 609 648 640 676 433 490 495 545 906 916 155 239 370 433
91 20 8030 789 810 713 741 262 336 778 800 825 842 40 136 326 393 443 499 619 657 338 404 325 393 99 190 971 974 419 477 824 842 663 697 370 433 65 159 554 598 615 654
92 20 8775 726 754 904 914 121 209 747 772 826 843 387 448 268 341 865 878 461 515 62 156 964 968 845 861 6 106 280 352 564 608 904 913 501 551 511 560 100 190 927 935
93 20 7401 320 388 45 141 94 184 991 992 436 493 209 288 637 674 113 202 895 906 577 619 270 343 51 146 615 654 160 244 578 620 697 727 972 975 194 275 840 856 558 602
94 20 7268 843 859 191 272 728 755 10 109 345 410 666 699 628 666 159 244 150 235 989 990 652 686 760 784 373 436 129 216 961 965 294 364 701 731 184 266 107 197 216 295
95 20 7610 662 696 766 789 95 186 958 963 343 409 541 587 11 110 474 526 869 882 507 556 894 905 597 638 522 570 186 268 365 429 780 802 84 176 81 173 456 510 322 390
96 20 7259 139 225 449 504 179 261 7 106 516 564 174 257 715 743 915 924 632 669 302 372 557 602 911 920 529 576 428 485 182 264 474 527 713 742 72 165 717 745 463 517
97 20 6647 534 581 433 490 51 146 685 717 447 503 801 821 534 581 651 686 550 595 10 109 544 590 162 246 505 555 407 467 664 697 407 466 711 740 55 149 12 111 146 232
98 20 8739 863 877 429 486 746 772 880 892 248 323 59 153 125 212 849 864 75 168 347 412 167 250 697 727 799 819 390 451 890 901 806 825 983 985 538 584 74 167 959 963
99 20 7921 653 688 674 707 199 279 32 129 866 879 809 828 294 365 212 291 992 993 218 296 647 683 587 628 359 423 762 786 811 830 302 372 95 185 257 331 397 457 736 762
100 20 8587 743 769 962 966 738 764 937 943 120 208 258 332 607 646 37 133 840 856 92 183 710 739 103 193 688 719 707 737 606 645 626 663 71 164 671 704 415 473 803 823
