1 20 7544 144 59 172 164 808 791 595 622 109 66 216 184 586 554 602 581 61 74 856 855 269 328 951 952 977 978 29 83 547 548 660 658 731 715 486 497 89 71 543 505
2 20 6767 702 703 297 323 32 62 936 936 334 284 30 99 671 649 572 576 350 310 602 640 640 661 166 239 59 122 829 814 354 327 654 671 162 226 530 505 197 225 342 315
3 20 8980 549 589 629 662 956 953 588 618 535 566 199 153 951 950 592 557 345 289 270 292 634 649 701 686 86 171 477 489 743 741 782 793 691 679 708 726 46 36 744 726
4 20 7504 543 560 780 779 867 873 539 523 198 217 350 403 316 271 768 750 330 281 471 479 305 330 818 827 102 182 666 636 322 387 379 416 219 157 643 635 261 325 503 484
5 20 7480 927 927 437 457 638 670 966 964 202 214 801 811 774 785 68 132 228 246 484 443 776 788 138 204 773 791 96 162 639 632 553 525 260 247 161 182 162 205 268 251
6 20 7772 791 803 605 571 99 95 188 254 558 583 634 648 475 514 399 431 132 172 770 774 63 41 948 946 125 149 454 428 796 787 435 454 44 118 645 647 919 914 635 645
7 20 8829 324 264 660 637 575 582 809 815 242 218 114 132 502 538 980 981 642 667 586 570 698 718 471 458 430 412 281 331 167 180 933 929 990 990 265 268 398 398 970 973
8 20 8189 992 992 911 918 553 546 185 141 226 195 463 433 434 484 218 261 408 378 943 938 909 905 663 691 859 850 80 44 387 411 97 40 710 710 281 327 379 395 539 571
9 20 8506 925 923 10 71 104 114 332 313 534 508 448 463 157 123 529 501 981 980 450 482 84 15 785 770 490 521 823 808 480 433 810 822 402 398 454 493 845 833 990 991
10 20 7202 813 818 444 417 237 216 297 284 243 308 890 899 670 670 312 267 62 11 384 341 119 121 806 821 326 325 423 456 440 463 801 797 719 695 274 219 443 498 300 310
11 20 7261 263 278 401 369 879 876 940 939 962 963 462 462 42 73 8 93 243 208 330 309 677 703 296 261 994 993 317 262 4 93 568 580 320 379 170 111 283 295 918 924
12 20 8209 289 334 93 12 34 126 313 298 599 560 276 232 746 761 895 906 324 258 788 785 898 895 260 217 632 603 963 962 660 626 332 323 774 765 324 389 855 840 207 275
13 20 8540 489 445 150 155 706 723 839 841 348 292 963 964 120 168 557 526 632 661 875 874 386 358 836 836 501 473 321 357 730 713 141 166 867 879 592 623 175 190 448 409
14 20 9240 653 681 473 452 955 954 999 999 635 633 658 630 673 690 590 563 957 954 228 189 524 493 494 541 473 437 420 382 440 398 505 514 291 250 385 436 429 420 768 750
15 20 9862 362 397 921 924 633 662 799 786 898 889 851 859 415 404 100 78 695 691 898 903 393 350 736 754 536 571 163 239 116 187 798 777 751 766 416 459 932 926 915 912
16 20 7662 711 685 413 464 935 939 595 558 200 174 820 813 688 711 11 82 4 59 200 264 787 773 198 223 450 481 926 921 394 362 411 363 412 388 59 114 409 399 955 953
17 20 9195 16 75 979 978 754 736 135 123 273 291 869 877 909 910 465 492 299 332 358 363 967 966 613 577 460 499 316 365 576 537 133 145 933 932 857 868 688 686 894 896
18 20 7291 182 174 19 62 527 539 494 512 451 406 619 621 411 384 925 925 118 165 241 170 724 702 525 495 779 782 43 134 567 568 908 917 141 162 144 145 365 366 931 929
19 20 7923 593 566 129 172 356 328 216 220 134 54 869 868 849 854 925 930 457 482 833 847 142 190 694 695 261 221 320 314 307 309 883 893 36 42 913 911 230 163 757 760
20 20 8201 812 820 236 199 436 394 665 656 906 901 558 518 381 319 472 423 876 873 364 365 465 476 429 392 771 771 267 197 159 186 879 887 67 20 117 176 973 972 419 462
21 20 9298 948 948 898 900 122 56 464 437 540 539 332 272 674 661 166 129 570 613 687 671 157 220 743 768 655 686 599 566 652 654 693 672 428 427 734 711 846 839 715 738
22 20 6208 882 879 294 360 229 301 530 568 595 592 81 52 652 666 80 112 56 82 3 13 24 28 757 750 20 74 19 81 693 698 708 716 968 964 653 685 249 191 268 284
23 20 6724 754 778 82 58 573 615 375 430 648 648 9 12 100 172 288 322 457 503 75 97 484 530 281 314 869 875 489 516 24 6 722 727 300 287 577 610 768 751 530 513
24 20 8345 979 978 776 759 630 639 386 402 931 933 741 722 469 508 907 908 122 121 326 362 130 185 976 976 494 457 406 417 37 84 311 352 119 182 237 220 531 514 924 929
25 20 8321 682 685 426 475 297 250 966 965 369 331 997 996 381 423 450 431 480 486 542 585 540 545 288 237 20 28 867 875 241 316 134 100 448 488 972 970 837 823 465 481
26 20 7928 84 143 512 552 389 442 155 239 828 838 789 806 978 978 364 348 89 155 762 744 447 435 15 74 218 146 942 945 871 862 256 205 932 931 24 30 500 517 756 732
27 20 8262 289 308 387 414 459 443 398 364 857 843 766 788 411 406 900 910 580 578 179 226 716 740 141 211 164 190 834 819 848 843 889 893 217 205 293 244 496 465 504 533
28 20 7948 325 297 658 667 90 163 84 56 341 328 439 431 81 119 851 840 678 707 56 134 467 492 199 264 484 444 946 946 871 860 928 930 301 359 895 887 840 836 402 443
29 20 7767 665 662 140 141 836 850 965 963 355 313 520 472 673 678 101 51 736 726 864 852 957 957 138 209 703 701 345 300 222 219 425 377 149 137 453 499 128 128 334 371
30 20 8528 357 360 604 610 298 304 695 684 706 713 948 954 390 442 108 171 458 483 271 272 487 485 508 495 787 769 976 974 677 687 181 220 803 803 556 564 381 364 469 484
31 20 7401 968 967 422 433 751 735 21 60 334 393 615 585 992 992 840 829 274 325 226 165 116 155 110 165 646 669 371 433 439 459 516 522 754 760 31 49 36 47 790 804
32 20 8248 695 685 322 333 597 637 767 743 382 435 752 756 780 768 52 33 11 38 155 189 919 915 783 788 895 896 217 177 633 664 586 585 25 53 648 626 912 905 180 221
33 20 8365 46 8 548 591 670 643 513 474 979 978 168 100 838 831 784 773 263 218 759 770 705 723 749 755 181 129 254 235 483 532 392 452 998 998 315 367 591 595 221 160
34 20 7608 188 113 681 706 516 473 352 381 906 904 543 560 472 495 850 850 474 475 82 26 758 763 949 951 315 254 772 789 315 301 80 82 538 565 8 28 366 387 346 389
35 20 6892 125 83 989 989 724 722 180 229 709 685 209 168 978 979 54 60 244 265 125 106 517 548 364 373 40 49 4 32 260 272 306 270 800 783 756 767 555 539 677 696
36 20 7747 969 967 918 925 146 122 467 436 208 172 737 762 22 55 579 616 378 362 455 421 447 400 197 191 636 668 823 813 704 692 133 137 628 639 741 734 240 180 256 263
37 20 7396 16 37 654 623 490 464 384 351 874 878 703 702 170 211 187 253 468 516 931 936 567 570 879 882 18 97 996 996 163 149 103 14 355 416 175 253 958 959 155 234
38 20 9615 490 521 372 318 938 932 630 648 549 525 540 569 422 370 846 850 877 875 801 794 625 659 350 290 147 109 960 962 632 614 643 672 427 432 952 951 38 20 780 781
39 20 7081 301 272 256 199 706 687 368 414 33 32 205 150 594 623 243 299 879 879 692 683 227 295 392 382 918 919 542 542 790 804 38 69 397 396 737 715 197 182 337 387
40 20 8025 275 338 917 909 553 551 328 268 639 655 22 31 809 796 407 413 453 422 132 79 50 4 323 346 180 191 518 529 916 925 886 883 152 174 688 671 801 798 983 982
41 20 8437 379 371 638 612 497 519 334 350 631 648 140 90 718 733 982 982 806 789 804 812 662 645 650 631 251 238 9 20 398 375 15 38 880 891 813 802 636 650 304 248
42 20 7675 979 978 386 393 683 665 201 158 569 578 926 927 284 273 154 229 745 771 463 512 775 754 369 415 407 353 491 517 379 389 824 807 382 410 45 40 32 14 500 508
43 20 9531 744 743 449 476 212 188 509 551 342 358 179 170 372 412 907 908 941 939 841 832 699 715 703 675 898 896 760 765 854 842 537 536 596 609 131 78 400 362 840 837
44 20 6851 470 520 62 112 151 78 717 719 253 316 452 481 332 389 939 935 24 82 256 203 998 998 769 786 828 816 367 329 44 113 162 151 331 327 601 610 5 75 803 820
45 20 7391 648 616 50 36 884 890 190 247 426 414 367 346 272 200 653 622 341 284 586 613 605 617 315 317 340 312 321 339 816 798 447 436 475 506 540 516 589 597 374 346
46 20 6490 279 265 898 890 22 79 506 517 640 636 495 536 155 132 98 150 713 699 778 793 40 6 443 456 338 315 99 184 419 457 663 654 65 75 615 631 726 749 121 165
47 20 8676 387 358 865 863 62 149 845 830 280 289 904 904 511 472 927 931 320 258 94 183 436 403 637 609 895 897 270 204 615 589 578 595 972 970 840 842 216 270 191 228
48 20 8089 345 367 628 603 150 233 652 670 373 326 961 960 701 682 107 57 844 849 766 747 958 957 541 495 474 512 507 545 597 599 186 164 780 761 81 73 322 339 139 130
49 20 6981 7 10 174 209 915 917 302 310 911 912 428 392 474 497 72 112 463 433 534 528 51 86 447 480 534 548 550 506 544 514 505 496 664 657 711 685 12 84 429 457
50 20 7472 248 181 125 186 75 47 167 200 799 794 890 897 983 984 74 159 648 659 674 655 32 103 809 801 212 289 218 240 587 575 762 777 302 245 257 241 736 759 743 767
51 20 8436 937 932 258 274 37 102 92 130 103 137 707 713 626 594 671 666 803 797 407 430 953 954 474 509 810 809 233 207 844 836 414 412 852 857 293 233 806 817 225 292
52 20 8787 106 52 640 629 556 577 397 377 279 232 462 480 668 689 844 837 441 459 667 663 586 592 259 185 933 940 889 885 842 852 566 589 34 46 862 858 123 132 830 813
53 20 8790 357 367 382 390 751 755 121 128 873 883 560 598 711 731 815 796 202 145 545 529 775 779 402 380 426 413 813 795 1000 1000 698 676 206 217 161 196 312 350 878 883
54 20 7338 743 751 681 678 149 149 359 399 387 351 746 741 706 723 118 30 857 859 518 543 493 538 479 457 150 87 597 615 696 687 57 130 127 46 676 670 88 130 546 586
55 20 7422 140 85 558 559 620 611 549 590 659 684 249 259 19 4 332 348 859 861 694 705 126 47 795 788 150 187 185 158 884 874 973 972 887 878 158 178 145 77 296 260
56 20 6745 985 986 387 350 4 100 93 22 65 30 178 203 405 447 329 302 622 614 744 728 173 163 877 868 512 491 334 268 667 678 478 478 445 495 150 122 501 479 483 471
57 20 7987 360 315 361 365 858 853 220 297 389 429 529 551 493 479 918 910 447 482 37 103 764 771 376 402 695 701 714 718 217 185 378 316 156 205 364 373 853 860 855 851
58 20 8116 919 917 280 286 974 975 176 200 441 487 935 941 499 462 84 33 456 448 343 293 124 92 996 996 715 710 612 595 628 640 497 536 251 288 580 609 163 134 472 490
59 20 8414 493 452 121 106 903 911 996 996 298 301 23 16 238 241 773 789 302 323 478 464 903 910 604 582 764 778 431 382 821 814 894 888 157 155 141 130 964 963 214 252
60 20 7964 818 817 469 442 184 152 585 617 73 91 7 34 304 325 544 579 404 384 717 703 905 907 237 209 923 931 425 401 535 492 304 324 758 747 1 66 982 983 780 765
61 20 8299 55 145 755 764 769 763 711 710 426 463 858 851 396 425 643 654 374 345 571 602 163 138 946 945 231 167 780 760 931 929 889 879 121 55 122 97 345 404 288 358
62 20 7279 233 225 997 997 239 244 726 738 642 608 77 107 109 27 958 955 182 185 231 290 587 601 851 845 994 995 230 286 762 769 257 304 423 385 222 201 246 227 133 124
63 20 7692 569 574 475 451 420 418 647 655 116 127 514 556 275 207 891 893 580 603 20 17 742 736 422 444 330 384 659 678 650 642 552 524 617 635 184 126 445 464 507 549
64 20 5920 311 336 356 351 389 445 125 118 597 573 543 530 878 885 224 220 444 488 535 574 591 607 12 22 220 166 475 483 545 530 183 149 122 47 154 169 337 284 360 393
65 20 7555 832 826 231 231 100 70 435 402 155 122 453 487 847 853 838 829 850 850 824 811 98 82 433 382 783 790 629 612 423 437 34 68 134 206 902 895 359 389 84 142
66 20 9271 791 797 815 831 70 57 147 108 883 871 378 327 123 139 234 261 186 256 802 798 973 975 737 719 370 386 796 802 459 504 629 592 747 761 685 658 998 998 766 763
67 20 7578 675 681 176 137 858 847 138 182 491 536 990 989 142 125 498 483 98 158 615 583 469 521 804 820 480 464 330 316 724 736 155 190 55 139 759 775 783 783 233 171
68 20 6784 74 5 971 971 295 284 595 582 865 858 203 277 484 451 271 268 353 406 483 438 624 617 961 958 315 260 808 820 150 170 104 157 297 339 11 61 555 599 62 131
69 20 7551 295 347 91 80 265 222 636 672 909 917 66 127 876 866 850 850 951 955 977 975 69 143 319 354 371 402 114 34 661 665 956 959 187 149 25 101 625 637 196 205
70 20 7532 540 542 636 600 718 698 487 471 890 880 763 756 328 316 394 432 237 266 134 159 47 26 934 932 106 58 251 280 667 692 338 349 375 420 348 358 422 477 801 783
71 20 8610 501 548 961 963 703 698 537 509 512 494 136 59 280 241 281 315 7 101 601 625 953 956 424 401 277 309 670 693 834 839 886 878 379 386 950 951 582 552 289 241
72 20 8500 906 902 637 606 136 128 39 91 943 947 648 667 965 967 501 496 485 490 596 585 18 25 771 793 104 190 941 942 671 643 658 651 242 282 216 265 962 962 186 143
73 20 6914 31 40 711 691 597 634 863 867 502 477 6 4 131 214 754 763 857 849 235 279 810 821 209 163 338 379 14 21 213 180 453 494 520 562 96 166 368 383 935 934
74 20 7891 941 943 903 894 596 571 708 716 913 907 382 370 145 192 788 774 134 190 295 311 799 801 537 535 128 47 133 145 489 530 328 356 394 355 67 39 564 599 620 591
75 20 9954 185 204 287 238 947 948 699 729 674 682 808 812 578 600 480 521 96 72 693 706 930 929 809 812 592 620 418 369 629 625 360 368 884 887 779 775 785 790 810 812
76 20 6528 124 195 208 210 815 830 408 443 131 201 545 563 247 250 565 559 15 16 347 375 954 954 23 12 892 898 118 159 337 375 969 969 279 286 360 387 524 505 299 251
77 20 8796 932 931 939 939 809 819 969 966 557 571 165 98 696 674 760 757 786 774 43 21 207 198 79 106 123 190 726 699 399 387 816 818 545 528 881 879 98 54 466 472
78 20 7518 615 637 134 127 387 354 310 304 601 613 400 368 700 696 116 62 611 605 558 537 459 465 824 812 846 841 955 951 622 657 451 405 83 151 258 270 67 143 401 422
79 20 6605 802 800 128 178 284 255 401 353 140 217 24 53 191 194 691 716 866 873 723 713 317 270 113 186 32 24 697 720 730 714 342 341 409 426 231 197 663 676 473 487
80 20 7336 711 725 172 144 425 442 252 250 383 365 956 954 278 344 286 281 319 358 640 609 395 432 475 500 694 678 3 22 760 742 786 786 309 325 231 300 728 730 368 320
81 20 9068 610 585 979 981 866 853 839 842 905 914 695 682 773 787 800 817 311 261 469 486 129 170 636 604 142 193 760 771 113 56 792 775 1000 999 114 72 43 6 359 402
82 20 6962 59 89 669 676 956 958 8 7 180 137 985 986 411 378 459 445 113 66 349 284 125 45 748 724 259 190 63 116 604 639 578 559 1000 1000 397 441 306 317 434 452
83 20 7163 425 436 238 279 964 965 308 246 122 85 797 809 928 931 608 622 822 831 156 208 779 771 217 176 517 522 162 112 503 458 650 663 251 258 270 233 33 47 204 151
84 20 8929 316 350 400 455 996 996 975 976 89 164 765 757 384 428 916 922 729 712 50 81 954 952 319 365 197 118 765 758 80 25 565 585 824 822 567 550 514 499 757 770
85 20 8840 622 612 614 601 176 222 406 454 902 906 974 972 820 829 726 723 714 741 93 171 236 240 802 806 203 257 673 661 919 923 635 666 110 47 680 655 465 498 281 348
86 20 8771 57 97 873 874 815 818 880 891 696 724 635 606 455 474 215 271 75 12 893 889 85 173 920 914 937 936 702 708 83 112 638 648 537 538 109 111 861 867 498 536
87 20 7617 106 119 866 866 867 879 589 571 377 381 817 818 177 220 556 563 731 747 455 481 155 80 766 780 247 248 4 41 767 751 677 648 31 95 910 918 256 188 168 86
88 20 7475 83 75 420 435 738 720 838 823 747 767 588 564 258 280 278 271 421 372 534 522 104 144 852 843 256 243 403 389 203 199 544 558 752 758 354 315 166 135 805 810
89 20 6963 435 386 485 527 261 204 829 820 506 461 54 141 240 200 160 188 321 381 93 88 183 217 217 279 211 154 605 633 297 279 906 913 948 949 292 242 859 849 802 800
90 20 9186 899 901 662 635 814 826 713 736 711 701 59 8 632 664 695 687 799 785 788 805 876 877 85 103 483 513 842 831 566 588 653 648 441 484 204 278 410 373 151 201
91 20 9162 459 496 733 738 472 490 748 772 80 70 425 389 570 539 221 290 407 413 393 407 928 925 699 686 706 734 884 879 871 869 872 883 9 96 399 378 615 650 962 964
92 20 8148 632 641 189 216 771 785 743 767 148 130 377 439 378 405 200 201 909 905 273 257 664 635 65 95 978 979 116 189 980 981 23 68 749 733 801 814 236 193 953 956
93 20 7168 533 570 151 170 272 317 517 536 237 218 447 442 803 809 882 871 941 945 561 588 63 84 161 131 184 110 156 219 934 935 328 329 689 677 52 7 136 99 914 907
94 20 9202 587 595 747 746 941 938 799 799 445 460 225 175 621 637 836 835 471 482 665 634 769 749 958 961 595 573 168 196 421 400 158 237 424 416 998 998 412 357 263 224
95 20 9111 282 323 772 759 757 755 578 620 303 281 781 800 817 812 493 502 271 329 18 92 805 817 401 452 606 625 172 104 526 514 904 905 684 708 534 532 919 912 766 776
96 20 8287 46 64 796 783 273 313 262 229 518 541 251 311 88 108 889 887 712 703 702 677 354 305 815 816 988 988 75 46 684 699 52 88 845 831 861 850 613 582 535 512
97 20 9172 876 884 464 461 648 671 446 465 106 130 78 103 973 971 254 198 77 73 247 308 624 649 656 670 359 404 954 953 826 833 807 803 986 984 544 564 880 889 661 672
98 20 6546 167 154 229 277 502 515 612 616 42 128 2 76 733 749 291 223 911 917 294 310 379 336 395 410 12 12 434 447 371 402 437 462 183 204 947 950 267 277 975 976
99 20 7336 1000 1000 533 529 48 128 122 122 181 115 494 478 54 112 781 795 119 182 448 411 644 663 619 655 400 427 276 271 680 688 835 831 938 935 230 176 374 352 395 393
100 20 8402 556 559 801 796 758 736 920 914 80 8 894 890 834 835 66 135 99 172 759 743 826 832 872 884 332 305 172 183 318 263 928 935 22 97 361 391 638 649 267 266
