1 20 11774 144 88 834 826 586 594 566 530 731 730 610 602 543 570 936 934 852 843 829 824 741 760 530 501 675 662 854 867 956 956 862 872 951 952 962 963 743 757 813 811
2 20 11230 780 797 620 651 768 760 571 587 666 654 982 983 643 625 933 930 731 749 484 513 773 790 553 532 412 427 796 778 770 750 676 701 919 921 324 346 657 647 980 981
3 20 12091 586 603 826 821 933 940 705 706 875 873 943 947 701 682 354 298 807 809 534 529 631 616 529 574 789 773 785 784 822 820 845 860 711 729 947 947 801 810 990 990
4 20 11865 879 890 500 516 994 993 98 178 817 800 976 975 599 581 1000 1000 788 805 982 980 602 624 557 569 973 975 448 490 955 960 961 958 420 413 594 571 768 782 921 923
5 20 12581 799 815 789 785 695 719 724 704 798 808 798 812 932 938 711 706 840 826 820 826 867 876 779 796 787 774 297 338 955 956 979 980 751 763 967 968 863 873 576 545
6 20 11607 933 938 871 870 894 887 451 464 530 555 241 275 568 609 931 926 593 562 749 738 869 878 820 828 913 909 436 455 849 841 973 973 948 952 612 583 332 355 996 996
7 20 13029 873 886 599 612 916 922 967 970 358 393 968 969 970 967 991 991 944 946 869 869 764 760 768 770 979 980 623 633 931 934 525 524 976 976 595 562 747 762 924 928
8 20 11799 933 928 966 965 839 834 972 974 642 612 820 835 978 978 370 416 762 760 390 426 218 287 457 461 756 751 857 865 983 983 834 846 674 669 496 496 851 857 951 946
9 20 10894 484 530 654 683 895 902 965 964 578 554 736 755 533 572 703 694 921 921 574 578 695 708 989 990 787 808 643 660 803 805 968 968 188 220 615 653 856 845 31 49
10 20 12332 826 833 1000 1000 780 760 401 417 919 924 538 515 648 677 755 732 976 974 513 559 623 599 998 998 879 880 895 885 906 907 515 486 949 947 880 878 426 398 989 990
11 20 11831 709 692 675 655 532 545 643 649 800 810 969 972 916 913 467 436 974 973 947 946 455 450 943 940 704 682 654 653 494 519 931 932 606 590 996 996 416 359 958 956
12 20 12372 703 721 372 427 749 735 422 462 961 957 960 961 913 913 952 947 780 775 706 698 868 856 493 458 879 884 940 939 918 919 840 830 662 661 737 721 884 879 726 729
13 20 12500 675 680 886 878 638 638 711 718 982 983 415 421 951 948 545 539 775 769 865 853 824 820 726 725 744 742 742 734 907 915 662 642 840 836 939 933 800 786 998 998
14 20 11964 828 823 863 861 763 779 272 295 824 829 816 814 797 787 713 729 825 819 663 634 904 909 826 818 865 853 964 960 904 904 741 717 637 666 577 538 615 621 558 588
15 20 11226 728 720 989 989 373 431 869 879 780 761 625 621 179 181 915 912 713 726 550 554 863 870 880 870 799 814 538 580 674 644 992 993 607 634 626 639 489 472 844 841
16 20 12756 852 846 798 815 733 724 844 842 577 534 889 896 816 826 862 851 815 803 569 587 878 872 746 757 795 774 857 858 756 778 696 669 890 880 676 649 945 941 952 955
17 20 12386 569 557 689 661 795 781 718 709 884 895 618 588 848 839 744 727 953 951 996 996 918 917 811 824 378 335 793 796 853 864 919 916 714 722 499 457 888 894 896 888
18 20 12230 991 991 844 849 604 625 794 776 821 835 487 481 964 962 818 817 888 890 637 648 717 740 638 625 535 517 277 217 982 983 975 976 769 779 653 637 946 943 948 953
19 20 10704 997 997 665 634 958 955 522 559 851 866 980 982 423 391 375 368 606 610 275 332 772 762 694 719 650 654 736 717 902 906 597 600 780 778 337 318 758 774 502 486
20 20 12474 618 632 902 899 729 747 943 945 883 880 592 606 802 821 918 913 629 647 858 848 757 778 990 989 351 395 615 613 994 995 783 771 971 970 960 957 483 496 815 819
21 20 13197 798 810 874 873 876 885 899 904 956 953 267 231 891 894 820 827 934 929 863 865 801 810 961 962 742 766 953 952 906 909 453 483 943 945 856 855 941 943 763 778
22 20 12040 470 443 393 366 965 966 502 453 857 849 790 777 935 930 941 946 403 436 788 773 824 828 799 801 487 439 620 635 947 949 996 996 808 811 759 778 930 934 837 823
23 20 11249 954 949 786 796 969 968 932 938 663 636 696 712 226 172 442 458 726 720 402 373 780 778 700 677 960 957 461 492 401 358 951 947 648 650 723 713 912 911 730 721
24 20 11458 747 738 956 954 958 958 640 632 801 811 694 663 615 650 368 389 610 647 974 971 839 852 991 991 636 610 730 713 792 813 263 234 274 297 956 952 494 468 985 985
25 20 11848 349 300 784 803 578 620 865 867 593 615 964 962 748 763 779 767 550 524 503 518 690 693 778 789 996 997 694 719 765 759 858 849 954 953 838 822 765 745 760 766
26 20 13167 614 589 779 797 902 911 984 986 802 790 840 835 919 921 912 906 680 677 808 826 798 807 873 881 967 970 635 631 676 699 893 884 982 981 937 940 597 610 861 861
27 20 11600 431 439 866 875 944 941 817 805 763 767 767 775 951 946 168 222 738 756 899 893 421 425 370 398 852 845 624 602 805 791 435 433 913 906 829 829 960 958 948 946
28 20 13522 859 867 899 902 901 897 695 713 534 543 842 844 883 894 869 879 570 546 942 943 928 931 974 973 871 881 930 922 939 936 962 960 909 905 570 605 980 978 846 838
29 20 13086 798 799 899 901 882 893 900 906 934 932 303 270 914 911 747 770 635 612 836 835 838 829 998 998 772 784 997 997 817 816 588 620 904 908 881 881 919 923 796 787
30 20 11772 889 894 298 276 845 856 973 972 906 912 954 957 895 898 731 727 949 945 291 349 852 856 947 944 694 725 456 502 448 464 979 980 835 849 486 492 529 564 759 775
31 20 12982 883 889 960 957 656 647 896 889 813 798 917 919 555 564 787 795 843 841 768 787 870 869 840 840 771 754 903 895 855 856 622 627 650 668 800 795 887 898 952 948
32 20 12698 947 945 939 936 821 805 965 964 636 641 887 878 820 836 536 497 836 852 754 764 850 851 919 915 580 608 616 606 996 996 560 554 901 903 622 617 801 799 887 896
33 20 12560 945 940 828 813 817 820 902 909 837 822 581 557 931 930 999 999 805 790 926 924 676 688 546 531 704 690 984 984 478 468 681 674 278 231 919 918 921 913 943 938
34 20 12924 792 812 926 919 331 287 957 959 888 894 782 797 730 717 845 856 714 740 666 693 981 980 747 738 841 842 970 969 455 444 878 881 816 813 977 975 973 973 886 886
35 20 10326 574 589 763 755 820 804 617 621 391 386 583 617 690 699 314 355 631 653 649 650 399 434 842 852 580 561 892 887 958 955 762 784 494 511 945 942 489 440 515 534
36 20 11696 521 493 986 986 949 951 977 978 433 475 866 854 856 853 670 690 854 845 732 709 619 622 665 653 378 336 924 928 647 625 489 511 858 867 707 702 528 530 961 958
37 20 12504 968 966 958 961 957 959 832 820 993 993 323 385 866 875 759 772 456 454 902 904 914 913 691 700 404 392 995 995 953 949 984 984 479 452 864 854 744 723 588 556
38 20 12820 923 916 891 889 891 890 963 965 936 940 919 926 846 855 892 887 758 775 489 514 477 472 487 438 661 694 517 507 942 944 958 955 703 692 829 828 950 954 993 992
39 20 12269 389 368 692 697 836 851 967 966 895 896 905 897 575 605 707 733 541 502 549 528 946 943 970 971 835 851 820 803 717 704 764 759 992 992 723 745 936 936 578 614
40 20 12060 894 894 690 718 895 897 764 759 717 732 773 763 644 665 966 963 589 565 873 863 991 990 412 426 883 885 620 607 522 489 970 969 950 949 729 710 705 729 488 475
41 20 12480 525 566 563 591 995 995 857 860 627 592 470 429 999 999 749 751 868 859 929 935 970 972 799 785 801 801 731 746 524 570 960 960 881 880 686 683 891 896 775 772
42 20 12641 577 610 836 839 994 995 807 797 636 656 564 557 847 839 548 515 982 982 738 745 870 875 958 960 671 664 542 563 959 963 941 943 973 971 688 667 844 859 827 836
43 20 11816 769 774 941 945 486 517 927 934 529 551 555 538 922 924 887 890 927 922 620 630 946 951 835 833 571 556 699 678 557 515 594 602 657 690 473 495 979 980 896 894
44 20 12102 645 666 686 665 926 922 928 930 753 736 931 928 764 747 981 980 593 612 786 784 792 778 684 654 390 410 776 765 387 350 670 643 840 847 949 947 891 884 756 756
45 20 11520 894 884 765 761 949 950 874 875 912 907 751 747 933 939 649 620 970 972 580 551 880 868 296 324 668 653 638 667 489 497 674 669 182 212 571 582 764 779 962 960
46 20 12720 984 982 990 990 808 813 961 959 661 639 802 783 802 793 120 110 545 591 916 918 710 707 665 690 929 927 993 992 490 504 832 816 959 955 853 839 940 936 941 941
47 20 12544 760 763 976 976 862 864 980 981 951 950 226 175 597 628 819 836 898 906 748 756 526 573 942 948 522 557 944 946 785 802 821 809 967 967 755 779 701 679 900 902
48 20 10147 967 969 873 863 961 962 780 799 844 833 135 96 574 568 270 343 768 775 429 398 612 623 720 724 800 798 801 789 275 213 789 768 151 147 266 289 980 979 689 689
49 20 13150 816 798 670 687 880 871 925 927 450 408 878 867 729 718 984 986 670 677 956 952 994 994 928 931 976 978 919 925 819 819 871 868 715 742 960 959 669 646 629 596
50 20 12515 831 820 458 406 1000 1000 631 601 688 705 823 837 901 898 969 969 568 563 890 896 788 770 771 789 534 571 850 857 510 478 935 936 982 984 966 964 745 747 804 820
51 20 13006 810 797 934 938 796 778 790 778 913 906 906 907 608 645 855 857 674 687 931 924 560 533 565 534 930 931 745 724 946 942 844 854 905 902 773 786 923 926 850 856
52 20 12179 564 547 984 983 834 825 959 963 622 586 891 880 885 881 659 629 958 954 615 592 693 710 997 996 599 600 868 874 766 783 939 945 989 990 851 837 177 142 374 398
53 20 12396 801 814 747 749 886 893 946 947 990 991 761 765 899 903 884 878 615 644 815 797 668 638 785 772 634 604 752 740 998 998 411 390 699 691 893 895 537 559 774 780
54 20 11524 298 300 813 807 861 860 760 771 440 457 975 973 976 977 663 668 749 737 805 824 497 454 928 927 462 420 682 669 782 772 393 383 954 950 774 774 903 910 691 716
55 20 13003 764 787 820 829 857 851 934 938 777 793 701 694 598 620 817 816 813 814 802 816 908 912 919 924 918 911 873 868 846 841 673 673 468 501 933 934 833 840 1000 1000
56 20 11724 774 757 644 636 924 917 931 927 798 805 991 992 555 558 836 846 967 964 613 608 577 577 729 748 728 708 301 242 666 685 761 748 813 811 695 678 825 832 528 554
57 20 11900 383 376 968 970 918 911 704 698 844 855 644 676 751 736 377 405 931 933 960 958 694 718 920 918 601 569 982 982 987 987 540 577 904 908 422 435 888 879 458 408
58 20 12116 688 719 858 862 470 447 966 965 987 988 883 891 815 800 258 256 807 812 807 811 685 693 780 783 931 936 801 797 565 548 694 693 648 664 928 927 814 797 761 758
59 20 12411 807 803 671 653 821 822 941 940 777 782 805 823 800 806 715 727 916 916 667 647 941 947 355 346 962 966 941 938 826 843 984 985 386 441 809 800 454 438 936 940
60 20 10504 590 561 827 818 656 667 554 533 466 492 820 814 857 849 958 962 100 160 444 496 801 797 796 796 505 552 358 324 765 778 819 836 544 552 748 730 966 964 556 536
61 20 12644 889 894 903 895 931 933 610 648 832 826 655 678 863 872 818 833 729 742 800 791 933 927 944 946 970 970 548 543 640 606 977 976 702 678 830 822 553 591 678 648
62 20 11131 915 920 691 698 500 467 586 579 538 508 653 684 826 832 453 400 872 859 789 769 860 848 561 521 458 503 986 987 897 887 984 982 684 668 463 454 857 852 341 332
63 20 12560 971 970 979 978 981 982 990 991 626 628 737 759 617 640 518 503 837 834 515 503 909 904 403 362 959 961 975 975 780 779 738 745 958 960 995 995 900 907 312 360
64 20 12516 776 763 874 882 907 902 856 849 616 609 565 586 554 536 692 712 829 821 748 745 809 815 909 905 805 806 817 818 867 867 729 710 819 813 792 796 958 960 723 716
65 20 11677 984 984 684 695 518 533 982 980 917 916 989 989 645 666 159 142 994 994 578 620 247 224 728 735 641 676 904 895 673 659 431 462 955 953 641 634 932 936 995 995
66 20 12472 975 974 942 944 832 839 830 825 574 538 546 556 983 981 348 372 618 600 855 859 857 869 849 840 718 717 779 758 996 995 754 737 963 963 870 860 617 640 685 691
67 20 11787 819 824 501 501 562 532 492 452 492 442 548 593 840 828 901 896 718 704 899 906 631 636 987 987 742 754 945 944 793 782 753 772 626 645 665 679 909 907 911 913
68 20 12091 864 854 643 658 936 932 971 973 924 927 750 727 689 720 976 976 375 351 991 990 885 891 761 766 232 215 961 963 765 776 626 631 817 818 127 174 856 853 965 962
69 20 11292 529 545 418 383 675 652 860 858 814 797 868 871 974 974 972 969 834 820 781 782 763 782 82 87 817 804 721 745 615 653 463 438 640 669 550 579 937 937 802 784
70 20 12561 521 475 772 780 993 993 753 743 834 833 587 571 826 837 840 854 938 937 893 884 508 538 840 849 985 984 892 895 642 660 994 995 607 604 898 892 615 633 764 781
71 20 11465 746 728 664 676 720 707 779 795 390 338 573 532 698 677 732 759 655 621 609 571 442 461 912 921 808 808 782 781 971 972 610 584 871 865 653 655 990 990 727 740
72 20 11677 884 888 935 934 852 854 518 564 821 815 482 483 810 827 984 984 975 972 707 691 196 186 816 826 954 957 539 529 629 640 610 627 882 893 994 994 197 198 812 825
73 20 13128 933 939 975 975 741 738 942 943 959 963 828 838 978 977 280 267 333 327 947 944 942 937 952 952 875 871 476 474 739 756 981 980 804 808 977 976 868 857 880 871
74 20 12115 868 872 712 740 971 973 697 669 667 688 852 854 696 670 922 915 906 909 655 643 580 564 509 547 776 793 716 714 870 879 646 653 841 851 967 963 818 828 475 517
75 20 12362 147 93 731 722 986 986 725 716 774 787 900 906 975 974 845 843 612 598 721 748 878 874 926 925 970 967 812 814 276 274 988 987 604 643 920 919 866 865 797 780
76 20 10864 583 549 375 317 896 886 188 180 827 839 512 530 899 898 434 462 687 670 988 988 674 667 676 694 615 622 884 885 762 752 760 744 620 620 653 655 658 668 890 893
77 20 11884 494 457 783 768 678 705 843 828 531 564 649 616 971 973 755 767 964 963 687 662 392 391 868 858 898 900 774 777 705 731 375 436 927 924 748 766 834 820 979 978
78 20 13098 828 831 869 870 665 688 898 908 893 887 983 982 725 733 539 573 888 880 934 936 962 960 613 613 997 997 998 998 910 909 614 620 481 512 763 771 891 898 922 918
79 20 12239 546 557 706 695 724 701 633 619 868 874 764 782 557 584 936 937 541 572 891 884 690 708 931 935 986 987 529 507 684 675 801 820 952 953 801 797 827 838 932 933
80 20 12010 799 801 859 846 768 749 982 983 642 637 866 858 812 795 560 586 719 727 416 417 655 658 856 842 986 987 823 815 990 989 525 534 760 751 669 691 330 328 996 997
81 20 12784 700 698 708 694 765 776 909 909 743 739 845 851 835 840 961 962 958 961 508 523 762 746 932 928 834 832 890 884 880 870 412 378 919 922 594 597 941 941 885 887
82 20 13232 994 995 771 792 851 850 761 771 797 784 977 975 905 897 934 934 817 802 972 971 650 638 881 888 958 958 971 969 961 958 920 924 347 284 814 804 529 515 730 748
83 20 12037 805 823 769 766 346 336 785 779 355 334 795 797 572 530 967 971 762 762 926 929 902 899 977 976 997 997 950 950 862 848 822 833 977 980 715 732 603 616 160 192
84 20 12036 588 601 921 914 631 609 892 894 795 778 932 932 811 814 925 924 686 684 449 504 862 875 784 799 523 492 576 553 869 865 825 836 945 948 953 949 408 403 670 667
85 20 10950 167 204 582 582 573 554 790 770 999 999 289 239 773 754 912 914 897 893 944 942 612 595 408 356 936 930 691 710 485 473 503 495 715 724 740 742 839 853 833 836
86 20 11875 866 864 544 547 201 197 991 991 445 480 556 561 676 669 497 543 896 889 940 936 966 963 891 896 987 987 595 586 845 842 774 785 773 795 942 946 849 836 610 612
87 20 11940 887 877 959 957 826 840 790 804 765 769 901 907 928 922 599 574 842 839 963 961 952 953 279 310 671 647 734 709 861 861 309 291 877 865 616 635 1000 1000 166 245
88 20 10952 787 778 381 343 631 623 942 941 997 997 508 530 430 443 598 635 993 993 619 628 412 361 780 785 719 731 438 438 795 799 891 892 614 642 773 794 929 923 453 407
89 20 12026 943 944 793 796 721 740 858 870 695 706 841 855 780 761 432 458 855 850 763 762 307 352 859 864 971 972 744 740 304 364 987 987 937 942 993 992 354 339 896 895
90 20 12576 848 863 571 555 793 792 765 773 698 673 958 959 496 531 836 824 946 943 785 780 917 913 998 998 735 720 482 474 842 839 841 855 843 859 798 796 982 982 586 578
91 20 13054 789 795 566 544 804 805 977 979 676 705 731 741 960 960 722 720 957 953 984 984 599 596 980 980 936 931 742 754 605 613 895 886 888 888 733 710 935 937 839 839
92 20 12023 962 965 587 582 719 702 537 546 753 763 706 696 982 983 960 962 870 859 666 679 705 681 666 681 479 450 739 734 724 735 833 840 674 655 739 733 910 918 818 820
93 20 12482 722 708 889 899 814 802 946 943 952 954 510 559 837 842 956 954 735 732 462 469 956 956 926 930 674 677 799 797 700 697 893 892 717 696 328 321 969 966 818 822
94 20 12391 535 510 806 814 799 789 477 447 775 793 941 937 872 871 524 517 914 907 938 939 473 523 800 816 903 905 940 942 650 640 772 763 920 915 625 607 886 890 939 937
95 20 13200 956 954 978 978 849 845 816 803 871 868 908 911 740 731 919 922 756 746 583 610 853 839 774 787 934 933 725 723 931 927 995 994 846 862 909 917 660 681 498 478
96 20 12076 784 774 765 765 572 537 795 798 1000 1000 996 995 929 924 436 467 969 967 617 640 994 995 845 832 738 755 932 931 310 311 527 490 698 700 891 880 886 897 412 400
97 20 10933 751 767 634 623 585 611 712 705 284 234 960 961 738 742 625 617 444 409 536 499 941 945 480 475 828 826 786 789 212 214 972 971 986 986 909 915 712 696 572 538
98 20 12203 875 883 862 861 988 988 975 973 957 956 570 574 702 731 929 927 917 917 799 781 407 445 357 323 551 532 859 860 748 751 894 893 612 642 711 740 660 693 881 884
99 20 11863 433 432 625 601 305 302 765 745 976 977 627 599 687 658 407 437 535 547 865 875 960 960 868 869 946 950 718 744 846 834 999 999 399 363 971 974 923 931 974 976
100 20 12790 962 960 996 996 769 791 750 743 694 675 970 967 670 655 792 802 572 576 454 473 671 680 873 879 911 902 901 895 928 929 908 901 773 755 927 934 707 710 760 779
