1 20 12195 144 230 808 828 586 627 856 871 951 956 977 980 731 758 543 589 690 721 978 980 790 811 937 943 741 767 877 890 956 960 951 956 592 633 701 731 691 722 744 769
2 20 12596 780 802 768 792 666 700 731 758 839 855 773 795 906 915 866 880 628 665 754 779 605 645 948 954 796 817 919 927 877 890 657 692 853 868 826 843 849 865 705 734
3 20 12947 875 888 944 950 777 799 701 731 825 843 841 857 925 933 807 826 631 668 789 810 822 839 801 821 719 747 500 550 659 693 928 936 910 919 945 951 933 939 852 867
4 20 12407 817 835 599 639 324 392 788 809 898 908 632 669 963 967 660 694 774 797 855 870 602 642 973 975 882 894 955 960 999 999 658 693 590 631 957 961 768 791 815 834
5 20 13060 921 929 799 820 898 908 898 908 798 818 932 939 915 924 867 880 860 874 787 809 926 933 955 960 564 608 751 776 738 764 863 877 861 875 617 655 451 506 925 932
6 20 12892 768 792 568 611 977 979 955 959 621 659 593 633 869 882 913 922 946 952 720 748 849 864 948 953 898 908 687 719 599 640 693 724 734 761 846 862 967 971 965 969
7 20 13374 358 422 775 797 970 973 607 647 944 949 764 788 979 981 776 799 931 938 741 767 907 917 976 979 747 773 793 813 858 873 966 969 997 997 972 975 837 853 820 838
8 20 13740 978 980 762 786 942 948 871 884 932 939 756 780 983 985 991 992 924 932 909 919 674 707 851 866 914 923 738 764 909 918 965 969 520 568 736 763 864 877 957 961
9 20 13008 913 922 921 929 695 726 787 809 976 979 803 822 700 730 946 952 856 870 724 752 825 842 994 994 606 645 593 633 767 790 780 802 919 928 895 906 648 683 912 921
10 20 12391 670 703 513 561 979 981 838 854 784 806 998 998 895 905 515 564 730 757 880 892 794 815 834 850 989 990 709 739 978 980 638 674 824 841 574 616 547 592 800 820
11 20 13796 969 972 947 953 943 949 654 689 874 887 879 891 996 996 958 963 812 831 813 832 961 965 913 921 366 429 868 882 879 892 918 927 884 895 917 926 809 828 886 898
12 20 12761 638 674 982 984 806 826 662 695 650 685 951 956 685 717 979 981 683 715 926 934 775 798 407 466 824 842 907 916 941 947 841 857 703 733 898 908 854 869 840 856
13 20 13513 939 945 998 998 828 845 763 786 849 864 898 908 906 916 825 842 971 974 904 914 865 878 845 861 904 913 511 560 927 935 637 674 895 906 615 654 972 975 840 856
14 20 12108 843 859 728 755 628 666 961 965 701 731 766 789 958 963 541 587 780 802 713 742 433 490 863 877 799 819 983 985 674 707 809 828 607 646 840 856 710 739 798 818
15 20 13000 981 983 768 792 815 833 813 832 1000 1000 698 728 813 832 795 815 944 950 890 901 945 951 689 720 718 747 618 656 985 986 744 770 877 889 334 401 996 997 828 845
16 20 12724 918 926 378 440 855 869 714 742 937 944 888 899 850 865 493 543 844 860 858 872 794 815 818 837 888 899 638 674 983 985 277 349 975 978 859 873 948 954 990 991
17 20 12071 908 917 665 698 880 892 980 982 650 685 818 836 445 500 891 902 694 724 905 914 736 762 597 637 502 552 618 657 676 708 729 757 883 894 802 822 973 976 737 763
18 20 13431 914 923 858 873 990 991 615 654 801 821 960 964 907 917 815 833 620 658 798 818 798 818 995 996 866 879 876 889 850 865 977 979 956 960 891 902 666 700 636 673
19 20 12436 820 838 690 721 646 682 863 877 865 879 979 981 961 965 953 958 886 897 950 955 582 623 453 508 873 886 856 871 366 429 976 979 763 787 965 968 242 318 857 871
20 20 13340 790 811 813 832 876 888 933 940 890 901 941 947 903 913 596 637 913 922 788 809 620 658 698 728 996 997 889 900 837 853 954 958 969 972 663 697 726 753 881 893
21 20 11912 824 842 846 861 955 960 451 506 790 811 951 956 723 751 730 757 747 772 656 690 958 963 801 821 248 323 615 654 950 955 610 649 866 879 839 856 695 726 636 673
22 20 12852 730 757 829 846 956 960 985 987 349 414 748 773 1000 1000 710 739 748 773 550 595 690 721 996 997 975 977 765 788 729 756 954 959 765 789 824 842 779 801 984 986
23 20 12106 680 712 798 819 967 971 957 962 676 708 857 871 982 984 597 638 505 554 873 886 866 879 817 835 767 790 677 709 827 845 899 909 618 656 435 491 829 846 506 555
24 20 13911 960 964 948 953 706 736 901 911 847 862 899 909 662 696 711 740 799 819 876 889 842 858 869 883 970 973 942 948 974 977 930 937 962 966 622 660 973 975 996 997
25 20 13223 909 918 664 698 978 981 980 982 749 774 953 957 899 909 809 828 700 730 900 910 799 819 613 652 941 947 836 852 665 698 769 792 958 963 998 998 412 471 997 998
26 20 12788 817 835 904 914 919 927 781 803 772 795 747 772 902 912 739 765 973 976 954 958 807 826 986 987 731 758 811 830 550 595 291 362 947 952 975 977 456 510 924 932
27 20 13148 835 851 938 944 529 576 873 885 965 969 937 943 960 964 832 849 850 865 896 906 847 862 917 925 787 808 768 791 840 856 491 542 694 725 903 913 622 660 952 957
28 20 12795 743 769 939 945 965 969 943 949 887 898 536 582 689 720 843 859 858 872 849 864 918 926 919 927 976 979 616 654 560 604 622 660 433 490 887 899 866 879 945 951
29 20 13437 828 845 902 912 858 873 957 961 581 623 999 999 838 854 986 987 963 967 926 934 546 591 984 985 461 515 971 974 967 971 629 666 919 927 747 772 943 949 792 813
30 20 14003 926 934 727 754 957 961 682 714 999 999 782 804 845 861 666 699 914 922 987 988 894 905 747 772 970 973 873 886 992 992 816 834 986 988 878 890 977 979 886 897
31 20 12561 583 624 915 923 949 954 909 918 649 684 842 858 932 939 762 786 965 969 873 886 945 950 515 563 521 569 949 954 677 710 789 810 919 927 433 490 721 749 854 869
32 20 12192 732 759 855 870 665 699 924 932 751 776 911 920 489 540 707 736 961 965 912 921 602 642 415 473 957 962 993 994 866 880 842 857 481 533 860 874 914 923 404 464
33 20 13387 995 995 668 701 743 769 768 791 984 986 646 681 864 878 923 931 997 997 891 902 936 943 823 840 846 862 758 782 860 874 965 969 477 530 661 695 987 988 942 948
34 20 13584 958 963 928 936 682 714 901 911 978 980 993 993 909 919 836 852 968 971 682 714 852 866 952 957 541 587 946 952 940 946 975 977 835 852 975 978 413 472 717 746
35 20 12288 764 787 723 750 901 911 932 939 894 904 895 905 626 663 717 745 644 679 663 697 589 630 683 715 991 992 711 740 902 912 883 895 991 992 522 570 950 955 380 442
36 20 13255 729 756 525 573 923 931 995 996 627 664 646 682 999 999 993 994 868 881 970 973 811 830 755 780 801 821 492 543 837 853 888 899 890 901 878 890 979 982 963 967
37 20 13613 960 964 686 717 775 797 577 619 896 906 994 995 636 672 847 862 982 984 703 733 870 883 671 704 959 964 975 978 973 976 920 928 844 860 965 969 843 859 941 947
38 20 12708 529 576 733 760 827 845 922 930 598 638 999 1000 824 842 967 971 672 705 927 934 946 951 974 977 827 844 848 863 557 601 986 987 979 981 735 761 496 546 540 586
39 20 12380 645 681 784 806 949 954 926 934 817 835 740 766 868 881 944 950 792 813 419 477 942 948 387 448 871 884 811 830 840 856 733 760 819 837 891 902 640 676 657 691
40 20 12663 949 954 912 921 933 940 892 903 970 973 846 861 871 884 900 910 843 859 633 670 880 892 985 987 804 824 522 570 668 702 919 928 182 264 687 718 764 787 669 702
41 20 12211 984 985 932 939 808 827 634 670 661 695 647 683 1000 1000 555 600 877 889 897 907 710 739 929 936 678 710 853 867 641 677 895 906 603 643 556 601 438 495 966 969
42 20 12092 832 849 635 672 668 701 853 868 941 947 491 542 348 414 475 527 862 876 951 956 896 906 778 800 898 909 883 895 875 888 525 573 526 574 993 994 785 807 900 910
43 20 12210 897 908 755 780 977 979 900 910 967 971 515 564 961 965 844 860 850 865 574 617 768 791 652 687 800 820 466 519 789 810 1000 1000 275 347 958 963 335 402 980 982
44 20 12465 689 720 816 834 527 575 880 892 922 929 450 505 720 748 729 756 670 703 927 935 626 663 994 994 715 744 976 978 829 846 635 671 819 837 715 743 989 991 954 959
45 20 12780 1000 1000 774 797 958 962 901 911 663 697 568 611 788 810 871 884 898 909 982 984 919 927 584 626 883 895 745 770 672 704 820 838 934 941 604 644 790 811 622 660
46 20 13288 608 647 978 980 674 707 1000 1000 958 962 849 864 838 854 560 604 714 743 930 937 538 585 944 950 882 893 762 786 946 951 905 915 923 931 984 986 659 693 959 963
47 20 11644 622 660 958 962 940 946 599 639 766 789 861 875 394 455 989 990 798 818 221 299 547 592 938 945 520 568 946 952 591 632 483 534 899 909 884 895 815 834 785 806
48 20 13152 634 671 998 998 947 953 699 729 958 962 537 584 733 760 777 799 922 930 813 832 470 523 760 784 977 980 975 977 894 904 663 697 965 969 805 824 985 987 928 935
49 20 12638 462 516 663 697 973 976 745 770 954 958 902 912 586 628 328 396 479 531 808 827 986 987 949 954 903 913 822 840 936 943 977 979 724 752 919 927 699 729 983 985
50 20 12289 904 913 978 980 857 871 777 799 768 791 813 832 908 917 635 672 918 926 697 728 846 862 468 521 648 683 520 568 644 680 783 804 931 938 991 992 836 853 440 496
51 20 11872 577 620 728 756 659 694 934 941 788 810 741 767 584 626 615 654 413 472 939 945 813 832 816 834 710 739 958 963 968 971 831 848 871 884 547 592 704 733 644 679
52 20 13000 751 776 931 938 694 725 898 908 601 641 987 988 827 844 576 618 904 914 962 965 888 900 795 815 962 965 775 798 848 864 224 301 920 928 858 873 966 970 883 895
53 20 12817 807 827 626 664 834 851 931 938 565 608 866 880 648 683 732 759 980 982 814 833 834 851 987 989 749 775 671 704 898 908 893 904 652 686 941 947 789 810 805 825
54 20 13248 800 820 916 924 941 947 987 988 913 921 962 966 826 843 996 997 386 447 953 957 659 694 827 844 554 599 706 736 883 895 919 927 958 962 949 954 981 983 444 500
55 20 13564 801 821 505 555 968 971 765 788 880 892 905 914 966 970 938 944 903 913 920 928 813 832 610 649 995 995 834 850 918 926 818 836 916 924 800 820 757 781 944 950
56 20 12444 970 973 640 676 789 810 702 732 553 597 930 937 939 945 586 627 413 471 817 835 653 688 951 956 296 367 789 810 687 719 986 987 994 994 984 985 888 899 989 990
57 20 13026 684 716 857 871 891 902 950 955 676 709 979 981 990 991 927 934 912 921 737 764 903 913 975 978 738 764 879 891 995 996 450 505 312 381 849 864 747 772 832 849
58 20 12636 874 887 783 805 856 870 252 327 713 741 886 897 916 925 692 723 811 830 963 967 903 913 816 834 748 773 909 918 817 836 984 986 518 566 793 813 917 925 645 680
59 20 13205 578 620 999 999 728 755 915 923 904 914 431 488 766 790 763 787 641 677 985 987 995 996 975 978 832 849 983 984 857 872 909 918 492 543 795 816 996 996 963 967
60 20 12401 870 883 685 716 606 645 819 837 562 606 840 856 718 746 971 974 732 759 741 767 957 961 998 998 918 926 626 663 762 785 909 918 540 586 643 679 705 735 900 910
61 20 13120 936 942 796 816 864 878 992 993 924 931 689 720 997 997 818 836 885 897 955 960 847 862 765 788 506 555 856 871 816 835 860 874 955 960 634 671 525 573 781 803
62 20 13021 763 786 915 924 840 856 701 731 559 603 817 835 940 946 892 903 615 654 989 990 874 886 980 982 905 914 937 943 789 810 933 939 485 537 772 795 818 836 753 777
63 20 12438 834 850 826 843 938 944 844 860 592 633 508 558 803 822 985 986 776 798 642 678 982 984 607 646 720 748 647 682 876 889 909 918 845 860 957 962 572 615 685 717
64 20 12403 746 771 937 944 720 748 390 451 312 381 698 728 866 880 442 498 613 651 808 827 971 974 871 884 990 991 960 964 982 984 935 942 974 977 482 534 984 986 823 841
65 20 13078 196 276 954 959 848 863 638 674 878 891 882 894 995 995 925 932 975 977 942 948 828 845 947 952 943 949 723 751 659 693 952 956 578 620 538 584 966 970 981 983
66 20 12499 804 824 868 882 701 731 806 826 912 921 436 492 963 966 712 741 976 979 966 969 745 771 932 938 697 727 835 851 908 918 852 866 425 482 922 930 655 690 509 558
67 20 13244 776 799 870 883 671 704 903 913 921 929 841 857 818 836 604 644 731 758 900 910 721 749 983 985 926 934 812 831 988 990 920 928 894 905 797 817 583 625 896 906
68 20 12168 676 708 434 491 966 969 988 989 784 806 953 958 676 708 884 896 979 981 653 688 525 573 807 827 890 901 627 664 494 545 678 710 920 928 340 406 971 974 966 969
69 20 12995 755 780 781 803 977 980 734 761 868 881 661 695 993 994 748 773 979 981 828 845 578 620 665 699 841 857 676 708 927 935 725 752 661 695 888 899 962 966 997 997
70 20 13120 998 998 763 787 922 930 546 592 892 902 724 752 892 903 908 917 806 826 742 768 541 587 648 683 587 629 986 988 971 974 952 957 827 845 795 816 955 960 945 950
71 20 12924 768 791 642 678 881 893 729 756 812 831 873 885 986 988 865 879 689 720 990 991 944 950 925 933 733 760 980 982 752 777 708 737 766 789 909 918 495 545 709 738
72 20 13204 835 851 920 928 958 963 844 860 667 700 762 786 745 770 834 850 880 892 919 927 941 947 827 845 840 856 754 779 805 824 789 810 771 794 955 959 761 785 699 729
73 20 12539 797 817 905 915 817 836 958 962 817 835 650 685 958 962 961 965 347 412 529 577 973 976 361 425 795 815 292 363 967 971 990 991 930 937 982 984 977 979 668 701
74 20 13961 997 998 862 875 938 945 977 980 955 960 794 815 909 918 791 812 907 916 850 865 711 740 921 929 892 903 925 933 977 979 998 998 523 570 895 906 784 805 846 862
75 20 11356 523 570 869 882 945 951 739 765 570 613 582 623 600 640 790 811 958 962 468 521 973 976 823 841 856 870 868 881 944 950 408 468 366 429 691 722 800 820 423 480
76 20 12128 715 744 660 694 544 590 991 992 936 942 887 898 497 547 618 656 940 946 275 348 891 902 595 636 877 889 758 782 774 797 845 860 942 948 610 649 887 898 919 927
77 20 12897 959 963 901 911 766 789 599 639 963 967 967 970 801 821 279 351 714 743 991 992 954 959 764 788 943 949 970 973 606 645 986 988 734 761 806 825 562 606 857 872
78 20 12571 877 889 1000 1000 981 983 922 929 942 948 598 638 958 962 619 657 780 802 611 650 844 860 438 495 891 902 973 976 501 551 835 851 695 726 492 542 977 980 780 802
79 20 13539 675 707 727 755 744 769 987 989 736 763 993 993 962 966 896 906 996 997 984 986 793 814 698 728 496 546 854 868 958 962 946 951 917 925 735 761 985 987 842 858
80 20 12032 841 857 917 925 558 602 798 818 789 810 644 680 944 949 946 951 289 360 530 577 804 824 676 708 951 956 550 595 960 964 957 961 936 943 534 581 888 899 528 575
81 20 12932 733 760 839 856 962 966 945 951 719 747 702 732 982 984 610 649 524 572 870 883 705 735 724 752 705 735 819 837 888 899 953 958 674 706 922 930 981 983 909 918
82 20 12316 814 833 953 958 922 929 952 956 705 734 837 854 834 851 436 492 523 571 846 861 790 811 956 960 674 706 780 802 700 730 717 745 969 972 806 826 705 734 477 530
83 20 13315 775 798 883 895 872 885 791 812 970 973 473 526 974 977 839 855 903 912 650 685 840 856 983 985 886 897 709 738 978 981 816 834 828 845 908 917 681 713 885 896
84 20 13124 740 766 853 868 931 938 874 887 760 784 955 959 981 983 994 995 660 694 796 816 824 842 765 788 795 815 817 835 857 871 846 862 720 748 996 996 436 492 806 825
85 20 12524 994 995 598 638 698 728 368 431 974 977 979 982 929 936 992 993 985 987 951 956 461 515 736 762 981 983 712 741 990 991 960 964 625 663 550 595 692 723 480 532
86 20 13332 828 845 453 507 939 945 519 567 986 987 712 741 985 986 933 940 987 988 919 927 704 734 975 978 570 613 929 937 799 819 950 955 909 918 843 859 955 959 771 794
87 20 12692 748 773 612 651 881 893 660 694 980 982 625 663 765 788 384 446 407 467 865 879 868 882 718 746 959 964 999 999 971 974 979 981 689 720 820 838 974 977 962 966
88 20 13766 996 996 947 953 750 775 969 972 970 973 969 972 792 813 734 761 886 897 938 944 853 868 873 886 636 673 901 911 908 917 947 952 489 540 927 934 963 967 760 784
89 20 13258 994 995 705 734 712 741 705 734 932 939 762 786 855 869 787 808 876 888 923 931 765 789 640 676 977 979 342 408 1000 1000 993 994 816 834 994 995 810 829 985 986
90 20 12513 809 828 323 390 825 842 990 991 724 752 892 903 693 724 900 910 721 749 846 861 549 594 964 968 796 816 819 837 991 992 339 405 910 919 897 907 912 921 742 768
91 20 12064 936 942 981 983 993 993 409 468 680 712 917 925 739 765 790 811 917 925 713 742 698 728 810 829 798 819 724 752 454 509 488 540 771 794 936 942 583 625 743 769
92 20 12880 900 910 965 968 376 439 543 589 946 952 665 699 963 967 890 901 995 995 851 866 870 883 773 796 963 967 796 816 499 549 849 864 935 942 771 794 584 626 966 970
93 20 12524 526 573 943 949 990 991 317 385 838 854 971 974 782 803 425 482 852 867 870 883 975 977 765 789 572 615 984 985 992 993 536 582 612 650 942 948 958 962 806 826
94 20 12044 511 560 899 909 884 896 836 852 398 459 483 535 894 904 907 916 999 999 663 697 733 760 991 992 752 777 643 679 719 747 833 850 946 951 535 582 464 518 966 970
95 20 12764 607 646 996 996 503 553 862 876 822 840 916 925 635 672 934 940 763 786 860 874 456 510 918 926 989 990 591 632 958 962 714 742 1000 1000 942 947 679 711 810 829
96 20 13416 973 976 914 922 921 929 644 680 977 979 625 662 873 885 863 877 950 955 838 854 570 613 922 929 998 998 631 668 916 925 778 800 993 994 893 904 782 804 709 738
97 20 13197 954 959 910 919 957 961 917 926 950 955 863 876 657 692 979 981 540 586 822 840 866 879 951 956 890 901 941 947 567 610 798 818 864 878 658 692 770 793 643 679
98 20 12924 832 849 875 888 509 558 821 839 977 979 799 819 875 887 976 978 714 743 847 862 603 642 679 711 811 830 619 657 619 657 966 969 894 905 975 978 863 876 902 912
99 20 12404 589 630 876 888 504 554 697 727 849 864 845 861 924 932 675 708 883 894 496 547 829 847 885 896 877 889 842 858 893 904 914 923 550 595 665 699 749 774 963 967
100 20 13363 934 941 697 728 868 881 871 884 583 625 981 983 814 832 732 759 883 895 871 884 735 762 986 988 805 824 897 908 712 741 686 717 912 921 996 996 986 988 755 780
