1 20 12088 144 172 834 259 586 602 566 89 731 486 610 401 543 800 936 334 978 790 829 354 741 877 854 943 956 588 862 833 951 592 962 607 691 708 813 448 744 138 780 867
2 20 12718 768 330 740 950 666 322 982 795 731 839 484 776 773 886 904 784 948 125 676 890 919 635 660 575 657 343 980 642 853 309 933 990 705 518 875 423 943 909 701 183
3 20 12961 825 631 354 67 807 559 981 450 789 124 785 490 822 468 845 990 801 719 990 573 500 659 994 317 945 642 817 58 976 392 599 276 1000 6 788 898 982 1 602 773
4 20 13697 973 882 884 904 955 999 961 153 768 815 921 633 789 407 898 393 826 877 798 751 798 865 932 915 711 413 867 860 779 903 787 198 790 415 955 564 979 754 751 738
5 20 11704 863 861 576 133 617 182 452 716 451 619 530 768 724 525 568 977 931 75 593 129 749 284 869 849 820 737 913 230 906 558 849 248 973 419 948 898 612 123 687 157
6 20 13077 599 652 882 294 967 965 358 775 968 653 970 118 991 368 944 735 768 530 979 776 525 495 976 494 595 99 747 793 933 167 966 369 839 329 972 837 978 364 390 798
7 20 12416 457 535 756 393 857 766 983 457 834 848 674 420 720 299 851 678 951 53 914 738 946 871 965 355 578 222 736 864 533 913 425 149 921 503 989 931 787 976 643 736
8 20 12636 968 422 700 946 615 992 856 113 1000 5 780 52 401 636 919 783 919 490 648 912 670 513 623 179 998 315 879 558 895 51 906 543 515 196 949 315 880 395 675 187
9 20 13386 643 585 800 756 969 918 916 360 947 369 447 197 943 219 704 133 654 490 749 906 879 18 799 416 958 155 964 490 812 69 938 630 813 54 877 801 961 41 960 632
10 20 13203 952 38 868 41 849 872 879 692 940 419 918 542 840 183 884 275 726 548 809 407 675 569 886 152 638 497 711 624 982 806 415 557 951 201 941 998 775 369 865 50
11 20 12866 753 584 824 382 726 473 907 941 662 201 840 385 939 24 800 142 998 769 863 430 763 849 272 653 898 22 713 778 825 326 826 268 865 62 964 6 904 511 741 45
12 20 12572 991 209 637 895 843 728 989 760 961 701 869 894 780 81 625 449 713 717 550 544 863 746 880 59 799 890 538 959 674 32 992 647 607 840 626 671 798 930 981 329
13 20 12688 768 564 862 123 815 202 569 709 813 209 746 706 795 1 857 518 944 288 528 177 689 49 795 150 718 337 884 973 618 105 848 201 744 173 953 340 996 828 918 447
14 20 12196 378 156 793 569 855 182 919 280 714 647 996 715 888 751 896 101 844 655 604 764 794 70 821 894 818 469 888 599 888 336 717 905 638 321 535 304 277 89 982 780
15 20 13045 430 179 975 690 769 711 859 350 946 231 948 990 807 445 997 239 665 42 958 182 880 665 851 994 980 861 606 561 891 580 772 268 694 905 902 682 597 543 780 471
16 20 12872 893 927 502 333 838 850 618 676 902 359 729 817 943 641 883 378 677 934 802 973 918 164 629 747 858 138 994 900 801 131 971 295 960 179 483 624 815 620 874 441
17 20 13680 997 949 876 850 899 762 956 187 820 690 934 106 863 583 801 743 961 703 742 971 953 424 906 637 453 770 965 501 366 536 941 671 763 814 962 186 965 642 977 694
18 20 13603 790 210 935 134 941 903 824 616 620 698 947 699 996 628 930 809 837 80 884 779 954 23 786 735 969 279 932 939 663 101 696 760 726 399 824 846 960 80 790 302
19 20 12648 951 83 648 519 723 317 912 460 730 342 644 277 747 328 956 278 958 471 640 395 801 743 694 3 615 950 974 41 839 905 991 285 636 142 730 177 792 1000 829 59
20 20 12321 956 8 789 224 349 125 939 283 1000 397 865 578 710 48 928 608 748 810 779 217 550 205 503 650 690 550 778 754 996 975 694 915 765 384 838 10 765 80 760 622
21 20 13264 902 974 984 929 680 465 808 966 798 713 873 815 967 957 635 455 676 857 893 85 982 75 937 702 597 658 944 291 817 177 804 736 767 677 951 47 827 462 738 838
22 20 13389 588 258 618 435 913 112 829 506 960 239 948 292 899 662 901 330 799 788 534 598 842 566 883 962 869 848 570 221 942 545 928 699 974 274 871 872 930 4 939 324
23 20 13761 846 632 622 667 909 273 570 915 980 23 846 220 953 9 882 941 900 799 934 328 941 799 635 180 836 471 966 434 998 412 772 757 997 346 817 493 894 878 904 684
24 20 12366 919 766 796 273 772 278 889 712 739 687 845 861 973 254 906 822 954 826 895 660 731 421 949 190 291 911 852 614 947 267 694 1000 456 924 835 938 486 556 529 873
25 20 13456 965 305 883 732 960 76 813 81 917 613 555 611 787 686 843 444 768 903 870 451 840 491 771 130 903 66 855 558 622 565 887 978 952 52 743 110 947 288 939 254
26 20 12798 965 365 570 265 887 112 933 86 536 89 995 524 689 843 850 524 919 298 832 682 616 377 996 459 560 423 901 604 622 433 635 878 945 10 828 70 817 595 902 858
27 20 13149 957 745 837 37 581 210 931 464 999 838 805 121 926 386 676 698 546 337 704 263 984 461 754 785 971 506 278 177 919 468 921 51 943 134 987 656 792 978 926 14
28 20 13250 727 81 331 171 957 682 888 787 782 831 878 540 845 846 948 756 666 914 981 252 747 324 841 522 970 327 990 417 977 146 973 532 886 532 583 915 644 281 949 146
29 20 12088 909 70 798 539 649 505 399 792 842 801 781 84 932 581 958 118 762 965 494 666 945 258 489 27 515 702 797 111 521 202 986 593 949 677 977 617 433 872 975 684
30 20 12224 670 809 854 202 732 68 619 551 665 323 647 194 489 711 858 834 707 408 420 889 912 602 958 919 957 705 832 134 993 323 959 816 866 842 759 755 481 614 902 595
31 20 13160 691 653 404 402 995 668 953 47 984 646 617 744 923 55 891 420 891 461 963 809 936 766 919 965 846 781 892 266 758 860 487 18 661 987 958 119 703 304 978 530
32 20 13406 993 57 695 10 909 160 967 363 852 321 707 938 541 74 970 630 835 975 820 30 717 273 764 391 992 531 723 901 936 509 932 468 659 565 894 532 957 45 895 626
33 20 12405 717 773 966 30 589 205 946 821 991 121 412 620 883 593 620 336 522 159 970 331 950 380 729 144 917 491 525 923 822 835 995 528 857 588 627 35 470 114 999 993
34 20 13498 868 144 929 920 970 811 799 137 801 492 731 784 979 221 960 415 881 456 686 450 891 763 775 435 968 44 896 163 807 238 636 777 907 167 847 235 560 204 982 466
35 20 12869 703 325 738 629 870 703 958 795 671 402 542 732 959 975 941 634 973 93 688 163 844 965 827 772 843 500 769 608 941 808 529 733 555 310 922 598 887 625 927 161
36 20 12269 946 974 835 460 557 29 594 592 986 500 896 380 540 817 645 784 686 173 926 192 928 613 817 50 428 324 740 868 786 456 792 141 854 47 871 619 670 93 840 733
37 20 12427 819 227 949 385 891 204 894 38 874 534 912 223 751 415 933 892 162 401 880 15 638 903 919 239 674 432 182 687 571 631 764 828 962 186 990 833 808 634 961 257
38 20 13836 802 33 647 2 879 279 1000 555 916 602 710 441 665 869 929 347 993 343 641 895 832 14 959 49 853 31 940 177 941 491 976 488 862 576 980 739 951 373 819 965
39 20 13004 415 841 898 883 748 663 526 993 942 996 785 900 897 349 967 507 755 977 701 142 900 606 844 236 967 764 873 97 961 588 780 931 844 140 883 522 574 430 996 711
40 20 11988 932 400 652 97 720 578 800 466 801 192 275 77 789 5 980 136 689 508 278 413 527 851 756 867 880 96 925 639 450 119 984 986 670 612 956 12 994 715 928 727
41 20 13852 919 866 819 510 871 387 715 989 960 466 954 712 1000 151 944 865 774 958 969 410 568 444 890 797 788 70 900 847 898 544 850 760 982 919 966 232 745 547 804 890
42 20 12544 810 164 934 790 629 224 790 218 913 114 906 570 608 978 855 560 674 698 410 635 560 185 745 108 946 119 844 838 905 330 773 781 923 641 850 708 984 229 622 17
43 20 12860 958 112 997 356 599 516 716 352 766 861 939 977 989 798 851 6 547 938 886 831 946 527 990 840 591 483 899 684 884 246 615 874 815 21 668 42 785 218 634 99
44 20 11936 998 947 411 324 699 372 893 607 537 733 774 624 777 922 861 461 760 735 652 234 975 212 976 609 663 578 749 258 805 985 497 74 928 445 462 115 601 100 902 155
45 20 12738 586 328 774 492 903 822 904 264 820 755 857 278 934 830 777 854 701 374 768 594 817 460 813 526 802 855 908 713 919 824 918 75 673 493 468 818 933 581 648 143
46 20 11984 520 72 924 76 931 210 798 670 991 596 555 537 836 778 967 40 613 428 577 494 729 845 728 121 761 245 813 449 918 61 704 405 844 862 644 960 751 197 377 725
47 20 12852 960 278 694 898 920 371 601 108 982 434 987 457 540 902 904 723 422 618 888 75 688 997 858 642 987 935 883 823 807 611 807 584 626 310 780 558 931 887 801 384
48 20 13032 694 476 648 732 928 418 814 33 761 425 834 619 807 399 671 229 821 541 941 422 777 617 805 948 800 632 715 708 916 500 667 200 941 987 941 305 826 996 984 853
49 20 11876 809 253 659 768 936 822 827 258 656 664 554 261 737 725 883 919 857 235 958 949 100 837 444 970 801 400 796 507 505 968 968 828 966 184 556 271 903 116 931 680
50 20 12225 863 853 818 916 729 747 800 276 933 49 944 682 970 440 977 213 702 84 830 268 553 930 678 30 939 105 714 342 586 413 538 172 653 951 826 675 296 718 933 22
51 20 13268 458 922 986 994 897 64 984 66 684 243 463 418 857 332 971 309 979 243 981 663 990 927 803 335 975 388 780 477 738 628 958 743 995 187 900 840 312 849 874 783
52 20 12635 856 252 616 412 916 476 633 787 692 811 829 264 748 460 809 673 909 279 805 511 817 522 867 517 984 363 684 678 518 660 982 55 917 452 989 422 645 792 578 999
53 20 13280 728 624 986 706 904 52 673 287 431 766 955 373 641 397 932 771 995 502 965 714 832 682 874 294 983 28 974 793 857 909 849 192 492 149 779 28 996 215 754 151
54 20 12677 870 138 617 803 685 606 322 881 840 119 901 260 718 260 899 876 732 741 945 369 957 998 879 319 626 762 665 714 909 395 911 562 540 643 936 172 971 913 924 704
55 20 12395 689 997 976 527 818 885 761 609 955 847 961 790 765 738 747 198 506 9 965 131 860 434 642 881 525 721 957 568 781 512 763 915 721 930 615 989 550 823 937 514
56 20 12946 789 378 802 44 772 675 993 191 753 305 834 468 587 302 826 815 840 939 938 491 893 64 508 803 840 786 985 425 892 627 642 748 927 170 720 95 995 376 647 876
57 20 12305 909 567 764 861 685 241 746 144 779 864 390 72 732 996 866 754 609 19 442 670 912 995 808 507 782 470 971 576 610 170 871 288 727 738 960 982 884 691 935 413
58 20 13066 974 496 821 328 482 509 950 809 984 473 975 73 707 230 196 436 816 772 954 848 539 394 638 501 994 27 925 446 933 949 975 622 741 429 942 581 959 947 828 799
59 20 12904 947 181 942 44 952 578 875 345 981 241 804 590 977 241 868 81 880 157 712 976 971 822 697 41 667 817 852 573 770 673 655 323 580 309 509 892 776 868 716 474
60 20 12972 703 690 870 863 646 594 841 810 967 19 818 772 902 124 604 4 834 772 731 341 986 541 900 814 975 309 721 983 878 366 926 378 970 103 812 567 212 604 920 408
61 20 12560 894 339 866 454 797 98 485 954 896 27 676 359 720 538 434 744 674 392 676 783 786 514 884 561 939 489 979 326 783 145 678 920 843 30 971 966 755 736 964 246
62 20 13356 469 979 977 734 898 588 993 399 927 261 748 860 834 85 979 408 830 59 828 578 869 526 665 841 972 452 676 202 983 237 725 661 539 867 888 168 934 666 962 219
63 20 12929 997 639 998 563 910 461 763 669 670 13 546 619 706 326 724 72 633 310 908 355 876 611 806 742 936 569 541 839 891 188 587 688 931 817 986 571 801 986 952 595
64 20 12981 827 795 932 583 945 273 768 96 982 773 642 432 560 792 873 513 856 25 986 865 823 250 990 155 525 591 944 925 996 706 733 980 700 480 708 257 835 649 602 484
65 20 13317 803 444 762 162 932 228 834 456 890 237 880 113 412 211 919 647 594 539 941 450 885 573 805 789 994 966 771 955 851 454 761 699 797 182 977 116 905 71 934 543
66 20 12699 972 200 650 324 971 250 961 166 790 28 529 344 730 827 361 482 762 483 977 258 997 114 950 514 862 13 822 827 977 955 715 792 794 150 367 631 892 600 795 83
67 20 12594 730 25 925 412 686 470 998 523 862 969 784 846 523 176 521 520 869 366 825 805 945 739 953 126 570 155 573 285 790 13 999 99 468 912 897 287 944 311 881 19
68 20 12393 936 23 691 800 485 381 423 966 715 660 740 548 544 536 778 131 991 500 813 350 497 964 896 142 940 197 966 4 891 717 987 812 595 384 845 405 774 734 985 252
69 20 12934 902 473 942 850 849 76 610 518 959 238 826 914 901 766 928 108 599 198 842 410 963 215 952 642 279 714 671 143 734 37 861 489 857 601 877 37 616 757 1000 981
70 20 12704 922 2 973 787 942 380 997 532 598 958 993 224 619 616 412 68 780 611 702 703 438 495 795 613 891 555 688 357 973 541 929 80 835 604 858 921 695 667 841 930
71 20 12660 937 622 780 67 675 280 971 654 744 430 304 933 987 514 937 957 993 298 571 315 793 472 958 612 496 854 836 122 946 252 998 913 735 221 482 422 842 392 841 917
72 20 13224 558 536 843 996 798 468 982 506 789 644 968 964 804 524 977 854 676 951 731 686 960 487 991 133 936 84 734 829 534 186 855 881 888 528 733 73 935 669 839 478
73 20 12260 962 945 587 444 719 209 537 594 702 168 706 330 982 610 960 689 870 82 666 699 705 89 739 399 724 705 833 718 674 212 739 395 922 732 818 550 981 32 500 817
74 20 12238 814 167 946 241 952 705 510 991 837 649 956 359 436 591 462 573 956 586 926 775 674 558 799 452 700 449 893 447 717 132 328 445 969 21 818 622 806 705 799 259
75 20 13413 775 883 941 99 872 450 811 791 791 241 938 619 473 974 914 614 903 635 940 660 650 349 772 294 886 696 939 404 978 350 849 361 816 166 871 389 908 681 740 327
76 20 13389 853 50 774 791 931 239 995 240 994 183 941 55 660 796 784 278 765 503 572 83 795 570 1000 42 996 264 929 127 436 775 969 172 806 310 994 611 845 79 698 541
77 20 11609 368 568 772 714 974 311 751 829 736 774 585 816 712 374 284 153 960 662 738 585 625 400 945 254 550 692 941 877 480 456 828 453 786 568 519 263 972 340 986 667
78 20 12228 712 223 572 104 704 556 851 67 975 56 957 314 570 555 702 995 929 306 917 534 799 63 407 820 771 763 748 570 894 475 612 881 1000 573 660 980 881 630 625 170
79 20 12739 765 91 976 705 384 638 873 280 407 754 535 630 865 872 960 480 868 532 946 920 718 959 846 113 999 177 399 200 971 979 923 989 974 847 996 727 769 977 750 348
80 20 13295 969 42 694 188 970 25 670 276 792 734 572 542 873 721 911 24 901 218 928 575 908 147 707 556 760 906 994 705 473 199 762 855 975 695 876 893 961 696 923 518
81 20 13031 765 452 626 355 640 696 872 698 994 473 809 845 754 28 825 990 968 858 892 379 863 901 693 916 828 486 900 93 824 393 721 846 745 225 796 292 955 800 819 677
82 20 12640 991 365 585 660 910 458 270 569 897 791 936 981 734 510 409 122 943 627 680 16 977 191 739 725 952 125 917 713 829 507 810 338 727 829 798 330 925 31 771 250
83 20 13412 936 351 896 957 743 221 900 261 828 808 376 537 991 98 946 789 992 473 665 378 769 307 963 883 963 294 995 267 949 697 851 744 537 30 773 752 897 95 796 499
84 20 12356 849 935 526 80 655 127 943 990 982 656 317 930 540 369 782 425 827 593 852 133 852 520 992 224 934 699 536 612 993 196 958 262 854 555 806 229 511 899 736 64
85 20 12845 729 479 398 781 970 780 483 814 578 862 894 359 877 1000 907 343 543 788 999 607 994 527 991 303 819 730 966 664 607 606 830 883 996 706 804 508 862 605 810 334
86 20 12929 944 20 822 255 846 182 763 39 644 171 860 208 963 547 714 1000 960 626 810 300 973 914 589 547 625 873 805 599 863 950 757 697 838 551 977 792 570 306 839 692
87 20 12867 529 465 631 64 840 699 916 778 765 504 993 350 649 65 893 782 751 657 709 136 954 442 561 774 910 367 557 330 957 617 957 854 979 918 999 233 540 822 994 248
88 20 11382 799 289 658 770 832 671 760 409 875 117 884 965 509 71 878 920 875 976 886 722 714 481 410 472 847 419 701 337 603 754 533 424 679 563 493 277 619 966 673 541
89 20 13436 804 869 902 372 589 876 660 667 849 256 802 647 883 528 947 33 829 710 758 409 877 938 956 213 842 763 962 345 893 572 960 679 914 130 979 185 550 665 840 432
90 20 13884 973 363 749 963 934 697 836 875 871 583 843 842 871 760 984 927 897 683 687 731 712 686 963 599 912 364 716 333 996 144 925 150 786 525 794 571 932 438 975 137
91 20 13827 970 278 790 363 961 403 994 725 911 578 855 480 831 711 868 930 497 589 820 872 791 28 976 453 991 676 910 428 929 647 847 994 814 254 896 282 777 402 856 326
92 20 12641 986 735 898 680 519 152 883 972 790 559 479 106 983 570 977 267 673 763 754 75 903 706 994 924 495 444 984 238 739 920 777 805 783 709 886 139 393 870 906 607
93 20 12863 972 573 852 423 604 204 564 151 719 953 715 836 713 979 856 972 906 803 952 503 925 859 869 474 647 51 704 592 924 228 733 902 652 198 948 80 972 925 852 194
94 20 13711 934 911 657 422 846 56 948 386 842 488 871 632 659 12 919 36 901 902 548 351 676 754 996 843 928 982 787 567 964 393 964 414 985 109 875 797 983 956 856 700
95 20 12976 925 530 727 719 851 150 466 974 807 87 955 493 645 253 894 292 830 390 938 217 613 701 982 162 834 207 936 576 816 870 827 633 540 349 909 689 974 212 752 262
96 20 12386 707 589 626 259 541 400 935 226 670 532 811 227 623 828 903 262 852 917 961 713 896 1 974 4 763 154 911 571 786 161 682 392 882 485 626 456 692 167 642 617
97 20 13106 391 276 601 403 944 426 877 135 824 932 797 541 895 495 753 527 803 197 925 323 914 250 684 59 964 385 955 258 709 4 864 7 864 124 964 477 796 670 859 134
98 20 11856 301 801 548 120 795 950 665 591 734 242 720 638 551 688 918 164 667 18 1000 770 926 245 645 484 631 153 998 147 879 896 819 865 911 676 533 683 750 22 830 624
99 20 12872 636 894 763 582 935 162 871 655 888 784 845 265 475 895 824 46 957 384 755 554 312 210 675 948 990 542 956 420 923 584 847 409 893 157 927 828 728 931 891 772
100 20 12549 510 689 823 690 780 475 882 764 763 72 648 790 881 126 890 620 928 925 692 997 969 659 649 968 709 10 980 357 935 252 547 521 972 629 621 173 790 739 718 644
