1 20 12189 144 230 808 828 586 627 602 642 856 871 951 956 977 980 731 758 543 589 690 721 852 867 978 980 790 811 937 943 741 767 877 890 675 707 956 960 951 956 592 633
2 20 12330 962 966 813 831 780 802 867 881 768 792 666 700 643 678 731 758 839 855 773 795 886 898 906 915 866 880 412 471 628 665 754 779 605 645 770 793 948 954 796 817
3 20 12549 676 708 890 901 324 392 660 694 980 982 586 628 933 940 990 991 875 888 944 950 777 799 701 731 825 843 841 857 925 933 807 826 631 668 789 810 822 839 711 740
4 20 12456 947 952 870 883 789 810 990 991 573 615 879 891 940 946 962 966 994 994 317 385 817 835 599 639 324 392 788 809 898 908 632 669 963 967 660 694 774 797 855 870
5 20 12065 928 935 489 540 839 855 348 413 963 967 557 602 875 888 836 853 501 551 730 757 448 503 884 896 904 914 961 965 594 635 912 921 921 929 799 820 898 908 695 725
6 20 12572 724 751 826 844 877 890 959 963 904 914 798 818 711 740 935 941 595 636 820 838 779 801 903 913 297 368 790 811 979 981 754 779 909 919 967 971 613 652 576 619
7 20 10715 871 884 617 655 451 506 925 932 241 317 724 752 525 572 779 801 931 938 749 774 526 573 820 838 913 922 904 914 436 493 665 699 906 915 558 602 381 443 472 524
8 20 11863 849 864 948 953 898 908 332 398 674 706 687 719 599 640 693 724 734 761 846 862 967 971 965 969 899 910 462 515 687 719 676 708 637 674 551 596 757 781 968 971
9 20 13292 970 973 607 647 944 949 714 743 764 788 587 629 892 903 979 981 776 799 931 938 741 767 907 917 976 979 494 544 747 773 793 813 858 873 966 969 997 997 972 975
10 20 12658 642 677 978 980 762 786 218 296 942 948 871 884 932 939 756 780 635 672 720 748 983 985 991 992 474 526 924 932 909 919 674 707 851 866 914 923 738 764 909 918
11 20 12360 946 951 871 884 928 935 895 905 840 856 850 865 454 509 578 620 533 580 913 922 921 929 771 794 695 726 787 809 976 979 803 822 188 269 700 730 946 952 856 870
12 20 11115 31 128 1000 1000 927 934 401 461 636 672 538 585 919 928 490 541 755 779 670 703 513 561 979 981 838 854 784 806 998 998 895 905 515 564 730 757 880 892 395 455
13 20 11672 426 484 463 516 675 708 643 679 585 626 969 972 467 520 947 953 943 949 654 689 874 887 931 938 879 891 996 996 103 192 958 963 703 732 812 831 749 774 813 832
14 20 12363 846 861 877 889 801 821 350 415 960 964 632 668 952 957 706 736 493 544 849 864 940 946 840 856 737 763 726 754 675 708 982 984 638 674 982 984 806 826 662 695
15 20 11892 415 473 310 379 813 832 545 591 427 485 941 947 998 998 961 965 865 879 753 778 726 754 473 526 914 922 742 767 935 941 621 659 662 696 939 945 998 998 828 845
16 20 11112 863 876 608 647 928 935 648 683 884 896 272 345 653 688 341 407 816 835 540 586 713 741 663 697 826 843 461 515 964 968 741 767 991 992 577 619 558 602 843 859
17 20 11398 989 990 760 784 869 882 894 905 522 570 625 662 449 504 915 924 911 920 428 485 550 595 544 590 664 697 711 740 880 892 849 864 538 584 959 963 199 279 992 993
18 20 11524 607 646 840 856 710 739 489 540 642 678 798 818 930 937 640 676 844 859 667 701 259 333 889 900 862 875 830 847 583 625 880 892 934 941 569 612 709 738 724 751
19 20 11765 466 519 813 832 795 815 756 781 944 950 350 415 890 901 407 466 945 951 689 720 718 747 618 656 985 986 744 770 877 889 334 401 996 997 828 845 741 767 811 830
20 20 12130 378 440 853 868 855 869 714 742 937 944 888 899 850 865 493 543 996 996 844 860 858 872 794 815 487 538 818 837 637 673 888 899 638 674 983 985 277 349 975 978
21 20 11835 769 792 711 740 858 872 946 951 780 802 931 938 889 900 807 826 908 917 665 698 522 570 880 892 980 982 650 685 818 836 375 438 445 500 275 348 891 902 694 724
22 20 12068 650 685 552 597 902 912 682 714 955 960 780 802 893 904 927 934 693 724 547 592 591 632 758 782 832 849 847 863 838 854 850 865 824 842 433 490 629 666 902 912
23 20 12168 729 757 883 894 378 440 802 822 973 976 737 763 629 666 685 717 998 998 766 789 824 842 594 635 757 781 351 416 836 852 994 995 900 910 721 749 709 738 945 950
24 20 12981 783 805 801 821 960 964 907 917 815 833 620 658 798 818 798 818 756 781 995 996 866 879 876 889 850 865 977 979 956 960 891 902 666 700 558 602 636 673 718 746
25 20 12106 820 838 690 721 646 682 340 406 863 877 865 879 979 981 961 965 703 733 537 583 953 958 834 850 886 897 950 955 582 623 453 508 873 886 856 871 366 429 976 979
26 20 11892 941 947 671 704 658 692 962 966 393 454 711 740 863 877 502 552 486 538 977 979 790 811 813 832 540 586 876 888 933 940 890 901 420 478 941 947 903 913 596 637
27 20 12485 403 463 824 842 487 538 905 915 708 737 904 914 947 952 808 827 930 937 809 828 418 477 884 896 779 801 785 806 810 829 691 722 906 915 909 918 797 817 903 913
28 20 11960 954 958 892 902 969 972 663 697 226 304 726 753 816 834 881 893 780 802 653 688 430 487 960 964 874 887 585 626 906 915 802 822 401 461 648 683 912 921 872 885
29 20 11118 747 772 656 690 958 963 801 821 248 323 615 654 950 955 610 649 866 879 839 856 695 726 636 673 792 813 1000 1000 274 346 777 799 494 545 789 810 367 431 784 806
30 20 11031 578 620 1000 1000 593 634 710 739 748 773 550 595 690 721 550 595 248 324 571 614 996 997 975 977 765 788 729 756 954 959 197 277 765 789 824 842 567 610 779 801
31 20 12309 902 912 974 976 726 753 802 822 673 705 919 927 680 712 798 819 967 971 957 962 676 708 857 871 325 392 982 984 597 638 505 554 719 747 873 886 866 879 589 630
32 20 11929 535 582 763 787 804 824 736 762 804 823 509 558 951 956 738 764 838 854 588 630 421 479 852 867 805 825 913 922 960 964 667 700 948 953 473 525 706 736 901 911
33 20 13139 948 953 859 873 802 822 901 911 330 397 937 944 534 580 883 895 962 965 570 613 928 935 699 729 884 896 871 884 939 945 846 861 909 918 664 698 978 981 980 982
34 20 12672 846 862 798 818 882 894 934 941 689 720 914 923 635 672 838 854 669 702 966 970 772 795 757 781 817 835 904 914 919 927 781 803 772 795 747 772 902 912 298 369
35 20 12208 845 860 861 875 613 652 535 582 794 815 817 836 668 701 635 671 906 916 822 840 693 723 895 906 949 954 870 883 802 822 852 867 620 658 610 649 749 774 724 752
36 20 12144 947 952 975 977 456 510 924 932 503 553 345 411 824 841 859 874 979 981 726 753 486 538 801 821 758 782 920 928 894 905 834 851 759 783 883 895 651 686 656 691
37 20 12273 896 906 497 548 847 862 917 925 787 808 768 791 840 856 491 542 694 725 398 458 903 913 622 660 860 874 800 820 952 957 947 952 648 683 821 839 941 947 713 742
38 20 12179 965 969 630 667 943 949 887 898 536 582 754 779 689 720 843 859 858 872 849 864 918 926 919 927 976 979 616 654 560 604 622 660 433 490 473 526 887 899 866 879
39 20 12057 635 671 878 891 762 785 690 721 828 845 902 912 858 873 530 577 957 961 219 297 581 623 999 999 838 854 986 987 963 967 765 788 390 451 926 934 819 837 546 591
40 20 12008 704 734 478 530 400 460 754 779 933 940 863 876 278 350 846 862 921 929 987 988 656 691 357 421 916 925 926 934 727 754 957 961 682 714 999 999 782 804 845 861
41 20 11885 714 743 948 953 756 780 981 983 553 598 973 975 841 857 455 510 990 991 816 834 434 491 943 948 518 566 973 975 770 793 763 787 617 656 583 624 915 923 314 383
42 20 11982 631 668 798 818 539 586 978 980 399 459 580 622 781 803 958 962 494 545 666 699 799 819 799 819 489 540 810 829 715 744 797 817 916 925 986 988 977 980 866 880
43 20 12221 856 871 854 869 802 822 619 657 965 968 378 441 647 682 858 872 834 851 898 908 610 649 971 974 528 575 516 564 420 478 889 900 923 931 958 962 919 927 832 849
44 20 11825 993 994 866 880 842 857 456 510 481 533 860 874 914 923 438 494 404 464 402 462 928 936 953 958 479 531 935 942 617 655 744 769 985 987 631 668 891 902 963 967
45 20 12343 936 943 823 840 846 862 758 782 860 874 965 969 477 530 661 695 987 988 942 948 650 685 490 541 703 733 950 955 906 916 766 790 553 598 769 792 695 725 692 722
46 20 12768 836 852 968 971 682 714 895 906 575 618 852 866 370 433 952 957 541 587 946 952 902 912 940 946 975 977 835 852 975 978 413 472 717 746 992 992 936 942 659 694
47 20 12040 894 904 895 905 626 663 717 745 644 679 795 816 663 697 589 630 683 715 991 992 711 740 902 912 883 895 593 633 991 992 522 570 950 955 380 442 705 734 917 925
48 20 12417 488 540 525 573 923 931 995 996 627 664 646 682 749 774 999 999 993 994 868 881 387 449 970 973 811 830 755 780 801 821 492 543 837 853 888 899 890 901 878 890
49 20 12651 731 758 784 806 847 862 756 780 960 964 686 717 775 797 577 619 896 906 994 995 773 796 636 672 777 799 847 862 982 984 590 631 703 733 870 883 671 704 959 964
50 20 11994 941 947 572 615 688 719 827 844 769 792 486 537 529 576 733 760 827 845 922 930 598 638 999 1000 824 842 967 971 342 408 672 705 450 505 927 934 946 951 974 977
51 20 12055 835 851 868 882 946 952 439 496 799 820 699 729 934 941 594 635 989 991 473 526 896 907 645 681 784 806 949 954 366 429 926 934 753 777 817 835 764 788 593 634
52 20 12940 786 807 958 962 684 716 776 799 854 869 670 703 790 811 947 952 976 978 828 845 710 739 949 954 756 781 498 548 894 905 949 954 912 921 933 940 892 903 414 473
53 20 9726 580 622 162 246 215 293 296 367 638 674 903 913 674 706 572 615 459 513 571 614 962 966 984 985 932 939 438 495 808 827 634 670 661 695 220 298 802 822 647 683
54 20 11940 879 891 916 925 362 426 665 699 869 882 796 816 717 745 944 950 745 770 993 994 865 879 102 192 892 903 832 849 635 672 668 701 853 868 941 947 491 542 760 784
55 20 12804 976 978 488 540 976 978 980 982 226 303 819 837 965 969 415 474 841 857 748 773 810 829 942 948 996 997 902 912 865 879 944 950 781 803 867 880 971 974 493 544
56 20 12572 785 807 900 910 761 785 678 710 762 786 538 584 848 863 636 672 967 971 903 912 701 731 924 931 414 472 792 813 844 860 896 907 873 886 782 804 920 928 791 812
57 20 10833 961 965 844 860 850 865 574 617 768 791 652 687 612 651 800 820 466 519 789 810 1000 1000 275 347 958 963 662 695 917 925 335 402 151 236 980 982 278 351 670 703
58 20 11984 880 892 922 929 450 505 720 748 729 756 670 703 722 750 927 935 626 663 994 994 715 744 976 978 829 846 635 671 819 837 715 743 989 991 669 702 536 583 458 513
59 20 11968 1000 1000 362 426 688 720 774 797 958 962 901 911 663 697 568 611 788 810 871 884 534 581 898 909 510 559 982 984 919 927 584 626 661 695 883 895 745 770 672 704
60 20 12783 804 824 890 901 810 829 789 810 757 781 796 816 629 666 913 922 608 647 978 980 674 707 1000 1000 958 962 849 864 838 854 560 604 714 743 930 937 538 585 944 950
61 20 11778 745 770 844 859 773 796 850 865 564 608 302 371 945 951 564 608 996 996 986 987 749 774 827 845 728 755 655 689 834 851 622 660 203 282 885 897 958 962 693 724
62 20 12861 997 997 868 881 716 744 352 417 965 969 939 945 977 979 851 866 374 436 801 821 823 840 843 858 1000 1000 918 926 486 537 886 897 831 848 837 853 623 661 990 991
63 20 11503 761 785 591 632 483 534 899 909 884 895 815 834 780 802 843 859 785 806 752 777 895 905 411 470 893 903 607 646 694 725 913 922 774 797 298 368 861 875 440 496
64 20 12582 975 977 377 440 894 904 663 697 965 969 805 824 985 987 928 935 863 876 852 867 682 714 393 454 601 641 774 797 691 722 904 913 764 788 978 980 857 871 777 799
65 20 12603 701 731 817 836 802 822 855 870 919 927 824 842 670 703 905 915 610 649 787 808 711 740 862 876 799 819 766 790 666 699 873 885 673 706 933 940 581 623 1000 1000
66 20 10781 648 683 520 568 644 680 783 804 319 387 931 938 991 992 836 853 440 496 613 652 833 849 729 756 301 371 761 785 859 873 745 771 695 726 528 575 383 444 918 926
67 20 11783 704 733 644 679 960 964 377 440 725 753 960 964 920 928 982 984 540 586 902 912 908 917 858 872 422 480 583 625 644 680 458 512 688 719 997 997 470 523 987 988
68 20 11276 883 895 823 841 703 733 747 772 612 651 258 332 807 827 780 802 801 821 694 725 476 529 928 936 469 522 761 785 807 826 923 931 629 667 633 669 821 839 541 587
69 20 12204 941 947 458 512 789 810 805 825 948 953 715 744 667 700 355 419 941 947 885 897 984 986 853 868 809 828 936 943 822 839 590 631 656 690 899 909 466 520 737 763
70 20 12578 820 838 883 895 919 927 958 962 949 954 981 983 444 500 970 973 796 816 358 422 819 837 968 971 828 845 748 773 747 772 556 600 889 900 931 938 832 848 327 394
71 20 12621 655 690 834 850 918 926 818 836 916 924 800 820 757 781 944 950 682 714 556 601 548 593 977 980 963 967 830 847 612 651 797 818 813 832 779 801 900 910 678 710
72 20 11926 691 722 939 945 586 627 413 471 817 835 653 688 951 956 453 508 296 367 789 810 687 719 561 605 986 987 994 994 984 985 888 899 548 594 989 990 731 758 952 957
73 20 12132 684 716 857 871 891 902 691 722 950 955 676 709 979 981 990 991 927 934 912 921 737 764 903 913 518 566 515 564 503 552 403 463 975 978 738 764 438 494 879 891
74 20 11918 958 963 579 621 900 910 840 856 580 622 874 887 783 805 455 509 856 870 252 327 713 741 886 897 565 608 916 925 692 723 811 830 963 967 903 913 816 834 556 600
75 20 11816 829 846 809 828 805 825 511 560 711 740 591 632 648 683 867 880 517 565 431 488 819 837 931 938 958 962 952 957 684 715 982 984 989 990 159 243 578 620 999 999
76 20 12288 912 921 905 915 901 911 512 561 641 677 986 988 706 736 513 562 673 705 513 562 955 959 932 939 705 734 916 925 957 961 815 833 744 770 740 766 830 847 505 554
77 20 12596 995 996 975 978 840 856 832 849 574 617 983 984 618 656 857 872 909 918 718 746 492 543 795 816 996 996 963 967 617 656 803 823 804 824 981 983 501 551 492 543
78 20 11691 492 543 748 773 840 856 593 633 718 746 260 334 971 974 631 668 742 768 732 759 741 767 793 813 957 961 998 998 918 926 626 663 762 785 909 918 540 586 643 679
79 20 11926 936 942 796 816 864 878 992 993 924 931 689 720 997 997 375 437 818 836 885 897 232 308 955 960 847 862 765 788 817 836 506 555 856 871 816 835 418 476 420 478
80 20 12943 814 833 642 678 881 893 974 977 564 607 686 717 922 930 834 850 957 961 763 786 915 924 840 856 701 731 559 603 817 835 940 946 892 903 615 654 989 990 874 886
81 20 11952 463 516 550 595 781 803 830 847 802 822 521 569 993 994 663 696 834 850 826 843 938 944 844 860 592 633 508 558 803 822 985 986 776 798 642 678 982 984 607 646
82 20 12035 898 908 995 995 764 788 861 875 746 771 937 944 720 748 390 451 772 795 312 381 698 728 655 690 866 880 442 498 613 651 735 762 808 827 971 974 871 884 990 991
83 20 11789 727 754 884 895 691 722 852 867 821 839 709 738 810 829 950 955 809 828 975 977 196 276 292 363 954 959 848 863 629 666 638 674 878 891 882 894 995 995 197 278
84 20 11962 812 831 830 847 933 940 949 954 769 792 545 590 398 458 741 767 959 963 947 952 512 561 848 863 735 761 965 968 563 607 925 932 360 424 978 980 333 400 851 866
85 20 12782 947 952 943 949 723 751 659 693 952 956 578 620 538 584 966 970 476 529 878 890 981 983 584 625 977 980 880 892 868 881 971 974 667 700 924 932 696 727 770 793
86 20 11726 676 709 655 690 509 558 892 903 716 744 703 732 646 681 967 970 475 528 902 912 147 232 834 851 886 898 986 987 541 587 774 796 785 806 975 977 776 799 813 832
87 20 12571 845 861 721 749 983 985 635 671 926 934 402 462 812 831 567 611 649 684 988 990 920 928 894 905 797 817 583 625 677 709 896 906 827 845 827 844 866 879 899 909
88 20 11789 434 491 966 969 619 657 988 989 784 806 760 784 953 958 676 708 884 896 760 784 979 981 653 688 525 573 807 827 890 901 627 664 494 545 678 710 920 928 340 406
89 20 11725 902 912 780 802 649 684 617 655 755 780 736 763 781 803 687 719 977 980 734 761 868 881 661 695 659 693 774 797 571 614 411 470 375 437 993 994 748 773 979 981
90 20 12386 830 847 915 924 869 882 526 574 669 703 825 843 898 909 972 975 452 507 573 616 785 806 983 984 785 807 873 885 978 981 539 585 867 880 544 590 934 941 666 699
91 20 12092 962 966 997 997 910 919 481 533 891 902 670 703 701 731 832 849 706 735 538 584 576 618 851 866 358 422 633 670 764 788 876 889 611 650 936 942 891 902 931 938
92 20 11684 986 988 641 677 971 974 684 716 352 417 952 957 827 845 795 816 509 559 409 468 955 960 945 950 859 873 982 984 866 879 248 323 560 604 792 813 416 475 856 870
93 20 12365 986 988 865 879 689 720 990 991 760 784 944 950 925 933 330 397 733 760 980 982 752 777 708 737 766 789 909 918 495 545 845 861 709 738 961 965 602 642 508 557
94 20 12872 762 786 745 770 834 850 880 892 919 927 941 947 633 669 827 845 840 856 754 779 805 824 789 810 771 794 955 959 761 785 699 729 977 979 292 363 934 940 972 975
95 20 11784 650 685 958 962 532 579 524 572 961 965 347 412 529 577 973 976 769 792 785 807 361 425 482 534 795 815 292 363 967 971 990 991 930 937 982 984 926 933 977 979
96 20 13084 997 998 862 875 311 380 938 945 977 980 955 960 603 642 794 815 909 918 791 812 654 689 907 916 850 865 711 740 921 929 892 903 932 939 925 933 977 979 449 504
97 20 11591 862 876 969 972 523 570 869 882 945 951 739 765 485 536 408 467 570 613 582 623 600 640 790 811 958 962 289 361 468 521 912 921 973 976 823 841 856 870 868 881
98 20 12350 897 908 867 880 646 681 739 765 964 967 664 698 612 651 881 893 936 942 485 537 863 876 748 773 715 744 660 694 839 856 915 924 544 590 536 582 991 992 936 942
99 20 12948 445 500 813 831 965 969 902 912 676 708 896 907 966 970 810 829 978 980 370 433 987 988 812 831 825 843 977 979 785 807 845 860 773 795 985 987 902 912 473 526
100 20 12014 942 948 610 649 887 898 919 927 718 747 826 843 914 923 843 859 765 789 928 935 842 858 582 624 952 957 642 678 811 830 794 815 671 704 143 228 368 431 861 875
