1 20 12088 144 88 834 826 586 594 566 530 731 730 610 602 543 570 936 934 978 979 829 824 741 760 854 867 956 956 862 872 951 952 962 963 691 704 813 811 744 725 780 797
2 20 12718 768 760 740 764 666 654 982 983 731 749 484 513 773 790 904 910 948 945 676 701 919 921 660 665 657 647 980 981 853 847 933 940 705 706 875 873 943 947 701 682
3 20 12961 825 830 354 298 807 809 981 981 789 773 785 784 822 820 845 860 801 810 990 990 500 516 994 993 945 947 817 800 976 975 599 581 1000 1000 788 805 982 980 602 624
4 20 13697 973 975 884 893 955 960 961 958 768 782 921 923 789 785 898 896 826 839 798 808 798 812 932 938 711 706 867 876 779 796 787 774 790 786 955 956 979 980 751 763
5 20 11704 863 873 576 545 617 592 452 475 451 464 530 555 724 725 568 609 931 926 593 562 749 738 869 878 820 828 913 909 906 907 849 841 973 973 948 952 612 583 687 666
6 20 13077 599 612 882 877 967 970 358 393 968 969 970 967 991 991 944 946 768 770 979 980 525 524 976 976 595 562 747 762 933 928 966 965 839 834 972 974 978 978 390 426
7 20 12416 457 461 756 751 857 865 983 983 834 846 674 669 720 709 851 857 951 946 914 918 946 950 965 964 578 554 736 755 533 572 425 385 921 921 989 990 787 808 643 660
8 20 12636 968 968 700 727 615 653 856 845 1000 1000 780 760 401 417 919 924 919 919 648 677 670 671 623 599 998 998 879 880 895 885 906 907 515 486 949 947 880 878 675 655
9 20 13386 643 649 800 810 969 972 916 913 947 946 447 413 943 940 704 682 654 653 749 769 879 868 799 796 958 956 964 964 812 796 938 940 813 796 877 884 961 957 960 961
10 20 13203 952 947 868 856 849 860 879 884 940 939 918 919 840 830 884 879 726 729 809 805 675 680 886 878 638 638 711 718 982 983 415 421 951 948 941 947 775 769 865 853
11 20 12866 753 757 824 820 726 725 907 915 662 642 840 836 939 933 800 786 998 998 863 861 763 779 272 295 898 888 713 729 825 819 826 818 865 853 964 960 904 904 741 717
12 20 12572 991 990 637 666 843 850 989 989 961 963 869 879 780 761 625 621 713 726 550 554 863 870 880 870 799 814 538 580 674 644 992 993 607 634 626 639 798 815 981 980
13 20 12688 768 771 862 851 815 803 569 587 813 803 746 757 795 774 857 858 944 942 528 498 689 661 795 781 718 709 884 895 618 588 848 839 744 727 953 951 996 996 918 917
14 20 12196 378 335 793 796 855 845 919 916 714 722 996 996 888 894 896 888 844 849 604 625 794 776 821 835 818 817 888 890 888 884 717 740 638 625 535 517 277 217 982 983
15 20 13045 430 394 975 976 769 779 859 855 946 943 948 953 807 805 997 997 665 634 958 955 880 884 851 866 980 982 606 610 891 892 772 762 694 719 902 906 597 600 780 778
16 20 12872 893 902 502 486 838 849 618 632 902 899 729 747 943 945 883 880 677 705 802 821 918 913 629 647 858 848 994 995 801 786 971 970 960 957 483 496 815 819 874 873
17 20 13680 997 998 876 885 899 904 956 953 820 827 934 929 863 865 801 810 961 962 742 766 953 952 906 909 453 483 965 965 366 370 941 943 763 778 962 960 965 966 977 978
18 20 13603 790 777 935 930 941 946 824 828 620 635 947 949 996 996 930 934 837 823 884 891 954 949 786 796 969 968 932 938 663 636 696 712 726 720 824 836 960 957 790 782
19 20 12648 951 947 648 650 723 713 912 911 730 721 644 628 747 738 956 954 958 958 640 632 801 811 694 663 615 650 974 971 839 852 991 991 636 610 730 713 792 813 829 813
20 20 12321 956 952 789 778 349 300 939 936 1000 1000 865 867 710 684 928 930 748 763 779 767 550 524 503 518 690 693 778 789 996 997 694 719 765 759 838 822 765 745 760 766
21 20 13264 902 911 984 986 680 677 808 826 798 807 873 881 967 970 635 631 676 699 893 884 982 981 937 940 597 610 944 941 817 805 804 814 767 775 951 946 827 826 738 756
22 20 13389 588 568 618 613 913 906 829 829 960 958 948 946 899 902 901 897 799 811 534 543 842 844 883 894 869 879 570 546 942 943 928 931 974 973 871 881 930 922 939 936
23 20 13761 846 850 622 634 909 905 570 605 980 978 846 838 953 948 882 893 900 906 934 932 941 944 635 612 836 835 966 966 998 998 772 784 997 997 817 816 894 902 904 908
24 20 12366 919 923 796 787 772 761 889 894 739 748 845 856 973 972 906 912 954 957 895 898 731 727 949 945 291 349 852 856 947 944 694 725 456 502 835 849 486 492 529 564
25 20 13456 965 964 883 889 960 957 813 798 917 919 555 564 787 795 843 841 768 787 870 869 840 840 771 754 903 895 855 856 622 627 887 898 952 948 743 723 947 945 939 936
26 20 12798 965 964 570 549 887 878 933 927 536 497 995 995 689 710 850 851 919 915 832 838 616 606 996 996 560 554 901 903 622 617 635 663 945 940 828 813 817 820 902 909
27 20 13149 957 959 837 822 581 557 931 930 999 999 805 790 926 924 676 688 546 531 704 690 984 984 754 768 971 971 278 231 919 918 921 913 943 938 987 987 792 812 926 919
28 20 13250 727 704 331 287 957 959 888 894 782 797 878 879 845 856 948 950 666 693 981 980 747 738 841 842 970 969 990 990 977 975 973 973 886 886 583 617 644 628 949 945
29 20 12088 909 901 798 799 649 650 399 434 842 852 781 763 932 933 958 955 762 784 494 511 945 942 489 440 515 534 797 781 521 493 986 986 949 951 977 978 433 475 975 976
30 20 12224 670 690 854 845 732 709 619 622 665 653 647 625 489 511 858 867 707 702 420 465 912 914 958 961 957 959 832 820 993 993 959 961 866 875 759 772 481 492 902 904
31 20 13160 691 700 404 392 995 995 953 949 984 984 617 636 923 916 891 889 891 890 963 965 936 940 919 926 846 855 892 887 758 775 487 438 661 694 958 955 703 692 978 978
32 20 13406 993 992 695 665 909 903 967 966 852 846 707 733 541 502 970 971 835 851 820 803 717 704 764 759 992 992 723 745 936 936 932 932 659 664 894 894 957 953 895 897
33 20 12405 717 732 966 963 589 565 946 949 991 990 412 426 883 885 620 607 522 489 970 969 950 949 729 710 917 916 525 566 822 834 995 995 857 860 627 592 470 429 999 999
34 20 13498 868 859 929 935 970 972 799 785 801 801 731 746 979 978 960 960 881 880 686 683 891 896 775 772 968 965 896 889 807 797 636 656 907 901 847 839 560 534 982 982
35 20 12869 703 693 738 745 870 875 958 960 671 664 542 563 959 963 941 943 973 971 688 667 844 859 827 836 843 843 769 774 941 945 529 551 555 538 922 924 887 890 927 922
36 20 12269 946 951 835 833 557 515 594 602 986 986 896 894 540 569 645 666 686 665 926 922 928 930 817 800 428 408 740 760 786 784 792 778 854 841 871 874 670 643 840 847
37 20 12427 819 809 949 947 891 884 894 884 874 875 912 907 751 747 933 939 162 146 880 868 638 667 919 915 674 669 182 212 571 582 764 779 962 960 990 990 808 813 961 959
38 20 13836 802 783 647 612 879 873 1000 1000 916 918 710 707 665 690 929 927 993 992 641 669 832 816 959 955 853 839 940 936 941 941 976 976 862 864 980 981 951 950 819 836
39 20 13004 415 455 898 906 748 756 526 573 942 948 785 802 897 894 967 967 755 779 701 679 900 902 844 836 967 969 873 863 961 962 780 799 844 833 883 883 574 568 996 996
40 20 11988 932 931 652 624 720 724 800 798 801 789 275 213 789 768 980 979 689 689 278 266 527 560 756 774 880 871 925 927 450 408 984 986 670 677 956 952 994 994 928 931
41 20 13852 919 925 819 819 871 868 715 742 960 959 954 956 1000 1000 944 948 774 795 969 969 568 563 890 896 788 770 900 907 898 899 850 857 982 984 966 964 745 747 804 820
42 20 12544 810 797 934 938 629 608 790 778 913 906 906 907 608 645 855 857 674 687 410 426 560 533 745 724 946 942 844 854 905 902 773 786 923 926 850 856 984 983 622 586
43 20 12860 958 954 997 996 599 600 716 707 766 783 939 945 989 990 851 837 547 586 886 893 946 947 990 991 591 590 899 903 884 878 615 644 815 797 668 638 785 772 634 604
44 20 11936 998 998 411 390 699 691 893 895 537 559 774 780 777 795 861 860 760 771 652 634 975 973 976 977 663 668 749 737 805 824 497 454 928 927 462 420 601 569 902 895
45 20 12738 586 572 774 774 903 910 904 899 820 829 857 851 934 938 777 793 701 694 768 773 817 816 813 814 802 816 908 912 919 924 918 911 673 673 468 501 933 934 648 622
46 20 11984 520 479 924 917 931 927 798 805 991 992 555 558 836 846 967 964 613 608 577 577 729 748 728 708 761 748 813 811 918 911 704 698 844 855 644 676 751 736 377 405
47 20 12852 960 958 694 718 920 918 601 569 982 982 987 987 540 577 904 908 422 435 888 879 688 719 858 862 987 988 883 891 807 812 807 811 626 612 780 783 931 936 801 797
48 20 13032 694 693 648 664 928 927 814 797 761 758 834 838 807 803 671 653 821 822 941 940 777 782 805 823 800 806 715 727 916 916 667 647 941 947 941 938 826 843 984 985
49 20 11876 809 800 659 678 936 940 827 818 656 667 554 533 737 749 883 893 857 849 958 962 100 160 444 496 801 797 796 796 505 552 968 970 966 964 556 536 903 895 931 933
50 20 12225 863 872 818 833 729 742 800 791 933 927 944 946 970 970 977 976 702 678 830 822 553 591 678 648 939 934 714 704 586 579 538 508 653 684 826 832 296 327 933 927
51 20 13268 458 503 986 987 897 887 984 982 684 668 463 454 857 852 971 970 979 978 981 982 990 991 803 797 975 975 780 779 738 745 958 960 995 995 900 907 312 360 874 882
52 20 12635 856 849 616 609 916 916 633 654 692 712 829 821 748 745 809 815 909 905 805 806 817 818 867 867 984 984 684 695 518 533 982 980 917 916 989 989 645 666 578 620
53 20 13280 728 735 986 987 904 895 673 659 431 462 955 953 641 634 932 936 995 995 965 967 832 839 874 869 983 981 974 976 857 869 849 840 492 456 779 758 996 995 754 737
54 20 12677 870 860 617 640 685 691 322 373 840 828 901 896 718 704 899 906 732 745 945 944 957 961 879 875 626 645 665 679 909 907 911 913 540 553 936 932 971 973 924 927
55 20 12395 689 720 976 976 818 832 761 766 955 958 961 963 765 776 747 732 506 457 965 962 860 858 642 669 525 546 957 958 781 782 763 782 721 745 615 653 550 579 937 937
56 20 12946 789 783 802 784 772 780 993 993 753 743 834 833 587 571 826 837 840 854 938 937 893 884 508 538 840 849 985 984 892 895 642 660 927 922 720 697 995 994 647 673
57 20 12305 909 910 764 781 685 669 746 728 779 795 390 338 732 759 866 873 609 571 442 461 912 921 808 808 782 781 971 972 610 584 871 865 727 740 960 964 884 888 935 934
58 20 13066 974 974 821 815 482 483 950 953 984 984 975 972 707 691 196 186 816 826 954 957 539 529 638 638 994 994 925 924 933 939 975 975 741 738 942 943 959 963 828 838
59 20 12904 947 944 942 937 952 952 875 871 981 980 804 808 977 976 868 857 880 871 712 740 971 973 697 669 667 688 852 854 770 778 655 643 580 564 509 547 776 793 716 714
60 20 12972 703 714 870 879 646 653 841 851 967 963 818 828 902 895 604 565 834 843 731 722 986 986 900 906 975 974 721 748 878 874 926 925 970 967 812 814 212 228 920 919
61 20 12560 894 891 866 865 797 780 485 531 896 886 676 667 720 722 434 462 674 667 676 694 786 787 884 885 939 938 979 978 783 768 678 705 843 828 971 973 755 767 964 963
62 20 13356 469 520 977 979 898 900 993 993 927 924 748 766 834 820 979 978 830 815 828 831 869 870 665 688 972 972 676 656 983 982 725 733 539 573 888 880 934 936 962 960
63 20 12929 997 997 998 998 910 909 763 771 670 638 546 557 706 695 724 701 633 619 908 905 876 879 806 816 936 937 541 572 891 884 587 603 931 935 986 987 801 820 952 953
64 20 12981 827 838 932 933 945 942 768 749 982 983 642 637 560 586 873 873 856 842 986 987 823 815 990 989 525 534 944 949 996 997 733 759 700 698 708 694 835 840 602 601
65 20 13317 803 801 762 746 932 928 834 832 890 884 880 870 412 378 919 922 594 597 941 941 885 887 805 816 994 995 771 792 851 850 761 771 797 784 977 975 905 897 934 934
66 20 12699 972 971 650 638 971 969 961 958 790 770 529 515 730 748 361 358 762 762 977 976 997 997 950 950 862 848 822 833 977 980 715 732 794 779 367 384 892 894 795 778
67 20 12594 730 704 925 924 686 684 998 998 862 875 784 799 523 492 521 523 869 865 825 836 945 948 953 949 570 540 573 554 790 770 999 999 468 512 897 893 944 942 881 869
68 20 12393 936 930 691 710 485 473 423 476 715 724 740 742 544 547 778 761 991 991 813 807 497 543 896 889 940 936 966 963 891 896 987 987 595 586 845 842 774 785 985 985
69 20 12934 902 902 942 946 849 836 610 612 959 957 826 840 901 907 928 922 599 574 842 839 963 961 952 953 279 310 671 647 734 709 861 861 857 860 877 865 616 635 1000 1000
70 20 12704 922 914 973 974 942 941 997 997 598 635 993 993 619 628 412 361 780 785 702 714 438 438 795 799 891 892 688 679 973 974 929 923 835 838 858 870 695 706 841 855
71 20 12660 937 938 780 761 675 660 971 972 744 740 304 364 987 987 937 942 993 992 571 555 793 792 958 959 496 531 836 824 946 943 998 998 735 720 482 474 842 839 841 855
72 20 13224 558 561 843 859 798 796 982 982 789 795 968 971 804 805 977 979 676 705 731 741 960 960 991 990 936 931 734 751 534 505 855 866 888 888 733 710 935 937 839 839
73 20 12260 962 965 587 582 719 702 537 546 702 682 706 696 982 983 960 962 870 859 666 679 705 681 739 734 724 735 833 840 674 655 739 733 922 926 818 820 981 980 500 532
74 20 12238 814 802 946 943 952 954 510 559 837 842 956 954 436 446 462 469 956 956 926 930 674 677 799 797 700 697 893 892 717 696 328 321 969 966 818 822 806 814 799 789
75 20 13413 775 793 941 937 872 871 811 822 791 780 938 939 473 523 914 916 903 905 940 942 650 640 772 763 886 890 939 937 978 978 849 845 816 803 871 868 908 911 740 731
76 20 13389 853 839 774 787 931 927 995 994 994 994 941 936 660 681 784 774 765 765 572 537 795 798 1000 1000 996 995 929 924 436 467 969 967 806 798 994 995 845 832 698 700
77 20 11609 368 377 772 782 974 973 751 767 736 750 585 611 712 705 284 234 960 961 738 742 625 617 945 942 550 567 941 945 480 475 828 826 786 789 519 496 972 971 986 986
78 20 12228 712 696 572 538 704 707 851 838 975 973 957 956 570 574 702 731 929 927 917 917 799 781 407 445 771 783 748 751 894 893 612 642 1000 1000 660 693 881 884 625 601
79 20 12739 765 745 976 977 384 401 873 868 407 437 535 547 865 875 960 960 868 869 946 950 718 744 846 834 999 999 399 363 971 974 923 931 974 976 996 996 769 791 750 743
80 20 13295 969 966 694 675 970 967 670 655 792 802 572 576 873 879 911 902 901 895 928 929 908 901 707 710 760 779 994 995 473 442 762 779 975 976 876 885 961 962 923 924
81 20 13031 765 763 626 615 640 654 872 877 994 994 809 822 754 731 825 842 968 971 892 890 863 874 693 719 828 828 900 892 824 820 721 740 745 731 796 787 955 958 819 825
82 20 12640 991 991 585 598 910 909 270 280 897 903 936 942 734 734 409 364 943 945 680 649 977 976 739 751 952 949 917 920 829 830 810 803 727 745 798 792 925 918 771 759
83 20 13412 936 934 896 906 743 729 900 896 828 839 376 381 991 991 946 949 992 992 665 657 769 760 963 966 963 962 995 994 949 951 851 858 537 493 773 784 897 889 796 796
84 20 12356 849 862 526 486 655 629 943 949 982 982 317 376 540 528 782 778 827 831 852 841 852 852 992 992 934 937 536 546 993 993 958 956 854 856 806 796 511 550 736 713
85 20 12845 729 728 398 432 970 972 483 516 578 609 894 891 877 890 907 904 543 569 999 999 994 994 991 991 819 828 966 967 607 615 830 843 996 996 804 805 862 865 810 803
86 20 12929 944 938 822 814 846 837 763 741 644 620 860 852 963 963 714 742 960 961 810 803 973 975 589 593 625 653 805 809 863 875 757 767 838 840 977 979 570 553 839 845
87 20 12867 529 525 631 599 840 847 916 921 765 765 993 993 649 619 893 899 751 759 709 688 954 954 561 585 910 907 557 541 957 958 957 960 979 981 999 999 540 570 994 993
88 20 11382 799 791 658 676 832 837 760 755 875 865 884 895 509 467 878 889 875 887 886 891 714 713 410 407 847 844 701 691 603 623 533 526 679 683 493 470 619 655 673 676
89 20 13436 804 819 902 900 589 620 660 671 849 842 802 807 883 883 947 942 829 837 758 754 877 888 956 953 842 851 962 960 893 895 960 962 914 908 979 978 550 565 840 838
90 20 13884 973 972 749 772 934 937 836 848 871 874 843 854 871 878 984 986 897 901 687 701 712 723 963 964 912 909 716 707 996 995 925 920 786 787 794 797 932 932 975 973
91 20 13827 970 969 790 784 961 961 994 994 911 912 855 854 831 838 868 879 497 506 820 833 791 771 976 976 991 992 910 908 929 931 847 862 814 805 896 891 777 773 856 851
92 20 12641 986 987 898 902 519 486 883 894 790 793 479 437 983 983 977 976 673 690 754 733 903 907 994 994 495 489 984 983 739 761 777 791 783 792 886 878 393 438 906 908
93 20 12863 972 972 852 849 604 581 564 533 719 745 715 734 713 740 856 869 906 912 952 952 925 930 869 869 647 615 704 709 924 920 733 754 652 630 948 943 972 974 852 842
94 20 13711 934 939 657 652 846 832 948 947 842 841 871 875 659 626 919 911 901 909 548 535 676 693 996 996 928 935 787 790 964 964 964 963 985 984 875 882 983 985 856 861
95 20 12976 925 925 727 739 851 840 466 517 807 791 955 955 645 627 894 890 830 826 938 935 613 628 982 981 834 825 936 937 816 830 827 832 540 526 909 913 974 972 752 740
96 20 12386 707 712 626 608 541 532 935 932 670 672 811 801 623 648 903 899 852 865 961 963 896 885 974 972 763 747 911 912 786 771 682 675 882 882 626 623 692 671 642 650
97 20 13106 391 364 601 593 944 943 877 867 824 839 797 799 895 895 753 754 803 791 925 923 914 910 684 656 964 964 955 953 709 680 864 850 864 853 964 964 796 803 859 849
98 20 11856 301 343 548 513 795 813 665 671 734 720 720 728 551 568 918 913 667 635 1000 1000 926 923 645 644 631 605 998 998 879 889 819 832 911 915 533 550 750 726 830 835
99 20 12872 636 664 763 766 935 930 871 875 888 894 845 837 475 516 824 808 957 956 755 758 312 273 675 704 990 990 956 955 923 924 847 844 893 885 927 932 728 752 891 897
100 20 12549 510 528 823 830 780 779 882 889 763 743 648 669 881 872 890 893 928 934 692 723 969 970 649 682 709 680 980 979 935 932 547 549 972 973 621 597 790 800 718 726
