1 20 10575 144 230 808 828 586 627 602 642 856 871 951 956 977 980 547 592 660 694 731 758 543 589 800 820 506 556 690 721 520 568 130 217 852 867 548 593 978 980 790 811
2 20 10480 829 846 354 418 530 577 342 408 854 869 943 949 862 876 833 849 650 685 708 737 248 324 962 966 751 776 813 831 152 237 780 802 867 881 539 585 316 384 768 792
3 20 12104 571 614 740 766 950 955 982 984 795 816 392 453 933 940 927 934 966 969 801 821 774 797 484 536 776 799 639 675 553 598 887 898 796 817 476 529 904 914 784 805
4 20 11787 770 793 948 954 454 509 796 817 645 681 919 927 877 890 657 692 343 409 599 639 751 776 853 868 826 843 341 407 849 865 705 734 518 566 980 982 992 993 911 920
5 20 10829 423 481 232 309 944 950 777 799 917 925 166 249 701 731 511 560 825 843 631 668 841 857 925 933 807 826 559 603 631 668 789 810 822 839 468 521 857 872 711 740
6 20 10024 615 653 256 331 366 429 406 465 927 935 947 952 498 548 173 256 150 235 870 883 498 548 789 810 990 991 573 615 401 461 879 891 940 946 962 966 296 366 994 994
7 20 10897 98 188 945 951 642 678 933 939 852 867 93 183 976 978 1000 1000 379 441 982 983 928 935 489 540 839 855 348 413 963 967 557 602 875 888 386 447 836 853 501 551
8 20 10265 765 789 194 274 973 975 882 894 591 632 473 526 955 960 999 999 635 671 658 693 590 631 957 961 524 572 473 526 420 478 440 496 291 362 429 486 768 791 815 834
9 20 11841 921 929 799 820 898 908 851 866 415 474 695 725 898 908 393 454 798 818 932 939 915 924 940 946 840 856 867 880 860 874 376 439 297 368 787 809 926 933 394 455
10 20 11011 297 368 790 811 979 981 754 779 869 882 909 919 967 971 613 652 576 619 933 940 688 719 894 904 202 282 452 506 716 744 630 667 675 708 522 570 530 577 768 792
11 20 10262 724 752 525 572 779 801 567 610 931 938 176 258 749 774 284 356 526 573 820 838 913 922 783 805 506 555 458 512 904 914 364 427 812 831 436 493 665 699 906 915
12 20 9915 376 438 506 556 606 646 502 552 849 864 248 323 868 882 948 953 898 908 464 518 540 586 332 398 674 706 687 719 599 640 652 687 693 724 734 761 846 862 372 435
13 20 11465 595 636 358 422 775 797 819 837 970 973 607 647 648 683 75 167 620 658 944 949 714 743 764 788 587 629 892 903 979 981 776 799 630 667 931 938 741 767 907 917
14 20 11025 495 546 771 794 537 583 595 635 531 578 924 932 753 778 552 597 933 940 398 458 839 855 561 605 969 972 552 596 140 226 792 813 992 993 642 677 828 845 978 980
15 20 9684 370 433 864 878 390 451 798 818 457 511 535 581 459 514 398 458 857 871 580 622 834 851 848 863 889 900 293 363 496 546 720 748 638 674 900 910 349 414 430 487
16 20 10694 851 866 56 151 914 923 738 764 909 918 654 689 916 925 665 699 965 969 355 419 520 568 673 706 736 763 864 877 957 961 703 733 345 410 425 483 548 593 574 617
17 20 11147 695 726 706 735 487 538 508 558 787 809 976 979 677 710 803 822 381 443 188 269 700 730 946 952 856 870 724 752 806 825 825 842 994 994 676 708 606 645 593 633
18 20 9712 346 411 1000 1000 927 934 224 302 401 461 636 672 538 585 919 928 490 541 755 779 670 703 513 561 979 981 168 251 838 854 784 806 263 336 759 784 749 774 181 263
19 20 10832 968 971 465 518 879 891 558 602 188 269 516 565 906 916 850 865 758 782 949 954 315 384 426 484 463 516 796 816 675 708 643 679 585 626 713 742 969 972 918 926
20 20 10192 209 288 974 977 378 440 455 510 447 502 823 841 704 734 741 767 240 316 737 764 494 544 749 774 906 915 945 951 842 858 606 645 303 373 799 820 416 475 973 975
21 20 10916 958 963 703 732 812 831 749 774 813 832 961 965 721 749 913 921 366 429 780 802 400 460 292 363 868 882 205 284 879 892 692 722 918 927 542 588 662 696 412 471
22 20 10100 348 413 933 940 484 536 726 754 553 598 213 292 193 274 675 708 569 612 982 984 374 436 638 674 982 984 806 826 804 823 662 695 650 685 398 458 951 956 685 717
23 20 10428 215 293 545 591 427 485 941 947 998 998 961 965 865 879 753 778 726 754 473 526 914 922 478 530 742 767 935 941 621 659 448 503 771 794 662 696 410 469 151 236
24 20 9545 538 584 924 931 771 794 214 293 800 820 875 888 199 279 863 876 430 487 608 647 851 866 928 935 648 683 884 896 426 483 367 431 272 345 653 688 341 407 340 406
25 20 11028 797 817 603 643 281 353 898 908 791 812 906 916 370 433 789 810 825 842 619 657 325 393 971 974 824 842 370 433 904 914 387 448 865 878 845 861 904 913 511 560
26 20 10754 741 767 991 992 577 619 558 602 843 859 728 755 628 666 373 436 961 965 701 731 844 860 766 789 958 963 541 587 597 638 780 802 179 261 516 564 632 669 529 576
27 20 10600 463 517 534 581 550 595 544 590 505 555 664 697 711 740 880 892 849 864 347 412 538 584 959 963 199 279 866 879 294 365 992 993 647 683 811 830 936 943 962 966
28 20 10805 607 646 840 856 710 739 563 606 833 850 489 540 642 678 798 818 930 937 640 676 397 457 279 351 844 859 667 701 586 628 259 333 889 900 842 858 862 875 830 847
29 20 10508 751 776 815 833 202 282 545 591 775 797 402 462 426 484 813 832 1000 1000 698 728 878 890 466 519 504 554 813 832 795 815 545 590 756 781 944 950 288 359 719 747
30 20 9508 127 214 676 709 528 575 952 957 864 878 569 612 364 428 859 873 694 725 126 214 795 816 884 896 973 976 887 898 145 230 296 367 848 863 201 281 985 987 112 201
31 20 10040 329 396 622 660 744 770 877 889 512 560 334 401 501 551 483 535 495 545 333 400 996 997 828 845 741 767 811 830 844 860 649 684 709 738 572 615 793 814 378 440
32 20 10476 364 427 714 742 647 682 937 944 137 223 430 487 670 703 888 899 751 776 850 865 493 543 903 913 996 996 358 422 346 411 461 515 844 860 655 689 858 872 794 815
33 20 11128 821 839 894 905 964 968 469 522 246 322 888 899 599 639 404 463 717 746 905 914 425 483 535 582 758 782 982 984 780 802 430 487 755 779 769 792 711 740 858 872
34 20 10601 735 762 653 688 859 873 395 456 125 212 359 424 948 954 990 991 997 997 726 754 642 678 109 198 958 962 851 866 994 995 762 785 423 480 559 603 606 645 561 605
35 20 8741 275 348 891 902 694 724 905 914 773 796 736 762 675 708 924 932 597 637 543 589 878 890 220 298 545 591 122 210 337 403 312 381 502 552 214 293 123 211 661 695
36 20 11600 902 912 943 949 928 935 431 488 592 633 677 709 934 941 918 927 634 671 914 923 772 795 675 708 858 873 990 991 498 548 615 654 480 532 724 751 783 805 233 309
37 20 10316 971 974 595 636 865 878 484 535 483 535 624 662 961 965 315 383 874 887 441 497 997 998 949 955 83 175 899 909 762 786 747 773 815 833 267 340 352 417 411 470
38 20 12085 934 941 801 821 743 769 969 972 832 849 316 385 742 768 971 974 768 792 300 370 719 747 853 867 670 703 906 916 637 674 943 949 965 968 501 551 596 637 941 947
39 20 9424 394 455 763 787 470 523 149 234 210 289 965 968 642 678 242 318 754 779 857 871 810 829 935 941 403 463 155 240 824 842 539 585 487 538 569 612 905 915 708 737
40 20 10918 620 658 698 728 617 655 996 997 606 645 759 784 889 900 837 853 447 502 565 609 954 958 892 902 969 972 524 572 299 369 663 697 226 304 726 753 816 834 545 591
41 20 10350 402 462 563 607 387 449 400 460 700 730 611 650 558 602 824 842 846 861 955 960 451 506 461 515 790 811 951 956 866 879 723 751 317 385 730 757 747 772 656 690
42 20 11603 383 445 956 961 640 676 694 724 760 784 786 807 728 755 368 431 669 702 974 976 991 992 911 920 663 697 738 764 796 816 730 757 263 337 829 846 669 702 956 960
43 20 10720 494 545 789 810 367 431 784 806 939 945 865 879 578 620 665 699 964 967 308 377 928 935 822 840 779 802 503 553 270 343 204 284 778 800 754 779 694 724 915 924
44 20 12023 916 924 729 756 954 959 197 277 765 789 824 842 567 610 514 563 336 402 779 801 757 782 984 986 929 937 598 638 840 856 781 803 912 921 808 827 966 970 873 886
45 20 10443 967 971 957 962 676 708 857 871 325 392 982 984 597 638 658 692 643 679 505 554 719 747 873 886 866 879 589 630 817 835 155 240 767 790 677 709 256 330 168 251
46 20 10833 738 764 838 854 588 630 421 479 534 581 852 867 403 463 752 777 354 419 805 825 913 922 960 964 239 315 667 700 948 953 473 525 706 736 901 911 847 862 603 643
47 20 11658 859 873 802 822 826 844 901 911 330 397 937 944 895 906 534 580 598 639 750 775 883 895 962 965 186 268 733 760 425 483 570 613 928 935 699 729 884 896 871 884
48 20 12064 930 937 399 459 962 966 622 660 810 829 973 975 394 455 996 997 719 747 570 613 714 742 846 862 798 818 803 823 882 894 941 947 184 266 934 941 689 720 914 923
49 20 11614 747 773 941 947 799 819 225 303 836 852 665 698 769 792 958 963 595 636 421 479 998 998 412 471 263 337 784 805 997 998 933 940 588 629 894 905 878 890 815 833
50 20 11517 172 255 526 573 904 914 534 581 919 927 766 790 781 803 772 795 747 772 902 912 298 369 739 765 876 889 973 976 254 329 954 958 826 843 807 826 986 987 661 695
51 20 10352 612 651 949 954 190 271 870 883 802 822 852 867 614 653 620 658 500 550 610 649 749 774 724 752 819 838 694 725 1000 1000 533 580 181 263 494 545 448 504 680 712
52 20 9915 234 310 486 538 556 600 801 821 758 782 920 928 894 905 834 851 759 783 826 843 332 398 318 386 883 895 732 759 651 686 154 239 503 552 656 691 284 356 813 832
53 20 10304 559 604 917 925 613 652 787 808 95 186 768 791 903 913 341 407 425 482 408 468 840 856 491 542 694 725 398 458 903 913 505 555 622 660 860 874 800 820 952 957
54 20 10906 743 769 110 199 939 945 236 313 753 778 965 969 365 428 630 667 943 949 766 790 887 898 639 675 536 582 754 779 689 720 843 859 210 289 858 872 849 864 918 926
55 20 10213 850 865 524 572 146 231 814 833 273 346 806 826 408 467 386 448 786 808 580 622 832 849 682 714 809 828 996 997 901 911 604 643 778 800 782 804 642 678 168 251
56 20 11081 603 643 887 899 866 879 945 951 344 410 817 835 595 635 939 945 642 678 929 936 234 311 837 853 574 617 931 938 90 181 855 870 421 479 805 825 644 679 894 905
57 20 10595 690 721 546 591 984 985 461 515 681 713 971 974 506 556 967 971 629 666 851 866 919 927 468 521 747 772 943 949 134 220 792 813 978 981 385 447 480 532 112 201
58 20 9897 554 598 299 369 669 702 957 961 682 714 345 411 313 381 999 999 782 804 831 848 454 508 370 433 540 586 845 861 846 862 554 598 344 410 408 467 666 699 914 922
59 20 10528 439 495 981 983 553 598 973 975 412 471 841 857 510 559 455 510 990 991 816 834 434 491 697 727 943 948 983 985 518 566 60 154 973 975 770 793 763 787 49 145
60 20 10698 391 452 690 721 644 679 281 353 767 791 879 891 631 668 798 818 539 586 978 980 399 459 580 622 781 803 958 962 494 545 666 699 799 819 799 819 489 540 810 829
61 20 10481 458 513 398 458 515 563 521 569 949 954 677 710 789 810 919 927 681 713 433 490 872 885 721 749 521 569 856 871 854 869 802 822 174 256 619 657 965 968 378 441
62 20 11029 924 932 721 749 751 776 551 596 911 920 266 340 489 540 707 736 225 303 961 965 658 693 968 971 912 921 602 642 415 473 961 965 957 962 492 543 993 994 323 391
63 20 11350 959 963 837 854 759 784 755 779 306 376 576 619 902 912 466 520 691 722 653 688 951 956 954 958 993 994 989 990 662 696 510 559 995 995 668 701 409 468 153 238
64 20 10068 146 232 47 143 953 958 222 300 479 531 935 942 617 655 744 769 104 194 985 987 322 390 631 668 286 357 891 902 676 708 963 967 809 828 919 927 965 969 892 903
65 20 11040 407 467 505 555 758 782 860 874 965 969 477 530 661 695 987 988 942 948 650 685 490 541 342 407 703 733 679 712 950 955 906 916 766 790 431 488 553 598 769 792
66 20 10953 821 839 993 993 52 147 389 450 909 919 836 852 968 971 524 571 682 714 895 906 277 350 575 618 852 866 268 341 370 433 952 957 541 587 946 952 902 912 940 946
67 20 10984 970 973 203 283 820 838 764 787 391 452 723 750 901 911 578 620 932 939 894 904 532 579 712 741 531 578 815 834 111 200 895 905 626 663 842 858 717 745 773 796
68 20 9720 622 660 841 857 966 969 369 432 873 885 946 951 684 716 171 254 412 471 620 658 276 349 620 658 560 604 970 973 331 398 381 443 729 756 488 540 766 789 525 573
69 20 11204 563 607 822 840 835 851 320 388 652 687 499 549 857 872 588 629 911 920 201 281 470 523 749 774 360 424 929 936 920 928 678 710 992 993 799 819 909 918 951 956
70 20 10837 492 543 302 371 837 853 888 899 890 901 878 890 69 162 501 551 524 572 979 982 963 967 939 945 871 884 881 893 456 510 719 748 392 453 891 902 763 787 312 380
71 20 9316 62 155 775 797 577 619 896 906 646 682 430 487 994 995 773 796 390 451 146 232 636 672 777 799 847 862 226 303 596 636 134 221 982 984 466 519 590 631 703 733
72 20 11302 738 764 629 666 958 962 795 815 542 588 732 759 717 745 782 804 999 999 441 497 840 856 941 947 572 615 688 719 163 247 355 420 827 844 772 795 868 882 769 792
73 20 10946 433 490 941 947 808 827 637 674 543 588 927 934 990 991 851 866 555 600 310 379 577 619 887 898 625 663 341 407 308 377 620 658 626 663 919 927 950 955 835 851
74 20 9556 713 742 488 540 571 614 271 344 600 640 557 601 657 691 986 987 500 550 979 981 735 761 279 351 666 700 496 546 138 225 549 595 540 586 817 836 686 717 717 745
75 20 9708 467 521 753 777 172 255 817 835 576 619 683 715 764 788 68 161 264 338 593 634 740 766 868 881 944 950 869 882 605 645 792 813 419 477 390 451 659 693 693 723
76 20 11010 776 799 248 324 854 869 670 703 93 184 790 811 947 952 479 531 976 978 828 845 710 739 891 902 436 493 949 954 756 781 498 548 451 506 894 905 568 611 949 954
77 20 8743 874 887 534 581 459 513 813 832 904 913 518 567 751 776 649 684 80 172 568 612 560 604 580 622 162 246 215 293 377 440 296 367 696 727 638 674 903 913 352 417
78 20 10175 754 779 182 264 687 718 764 787 669 702 126 214 541 587 990 991 833 849 238 315 961 965 802 822 889 900 543 588 840 856 386 448 599 639 120 208 879 891 916 925
79 20 9442 370 433 83 175 710 739 929 936 678 710 853 867 375 437 490 541 641 677 895 906 501 551 603 643 556 601 438 495 576 618 966 969 791 812 973 976 150 235 225 302
80 20 9834 668 701 853 868 282 354 941 947 491 542 338 405 760 784 547 592 348 414 475 527 269 342 862 876 951 956 373 435 597 637 896 906 778 800 410 469 556 601 898 909
81 20 11652 132 219 748 773 810 829 942 948 996 997 902 912 865 879 944 950 650 685 781 803 683 715 867 880 365 429 461 515 971 974 493 544 821 839 897 908 715 744 523 571
82 20 12319 903 912 701 731 924 931 414 472 792 813 501 551 844 860 896 907 873 886 782 804 920 928 791 812 756 781 784 805 780 802 931 938 888 900 729 756 997 997 193 274
83 20 10128 850 865 574 617 430 487 768 791 652 687 700 730 612 651 705 735 800 820 466 519 789 810 1000 1000 221 299 275 347 958 963 662 695 917 925 335 402 795 815 151 236
84 20 10491 347 412 198 279 266 339 923 931 765 789 644 680 442 498 689 720 816 834 527 575 851 866 880 892 922 929 450 505 720 748 729 756 670 703 722 750 927 935 626 663
85 20 10426 254 329 928 935 480 532 710 739 919 927 866 880 871 884 387 448 960 964 800 820 919 927 312 381 629 666 831 848 168 251 626 663 323 391 1000 1000 362 426 688 720
86 20 12214 823 840 917 926 969 972 721 749 770 793 637 673 890 901 797 818 686 718 319 387 771 794 900 910 847 862 667 700 589 630 850 865 760 784 566 609 935 942 854 869
87 20 10235 982 984 919 927 107 196 584 626 661 695 883 895 314 382 745 770 547 592 672 704 820 838 259 333 423 480 934 941 604 644 790 811 622 660 906 916 570 613 452 507
88 20 10500 764 788 701 731 894 905 608 647 978 980 608 647 595 636 638 675 674 707 698 728 351 416 1000 1000 958 962 849 864 318 386 838 854 560 604 185 267 714 743 195 276
89 20 10008 782 804 698 728 745 770 197 277 844 859 546 591 773 796 644 680 850 865 708 737 564 608 302 371 192 273 537 583 915 924 945 951 564 608 151 236 558 602 996 996
90 20 10472 984 986 659 693 959 963 990 991 126 213 891 902 724 752 659 693 679 711 283 355 615 653 997 997 868 881 753 778 716 744 352 417 965 969 413 472 184 265 273 345
91 20 9348 989 990 798 818 221 299 177 259 500 550 148 233 673 706 92 183 747 772 547 592 938 945 520 568 946 952 143 229 761 785 591 632 483 534 899 909 884 895 629 666
92 20 10525 304 374 668 701 472 525 634 671 609 648 998 998 947 953 699 729 958 962 707 736 537 584 733 760 609 648 777 799 922 930 813 832 354 418 389 450 470 523 557 601
93 20 9681 373 436 412 471 440 496 652 687 234 311 576 618 581 623 644 680 976 978 971 974 749 775 497 548 922 930 462 516 115 203 663 697 690 721 390 451 782 804 973 976
94 20 10562 393 454 601 641 526 574 774 797 691 722 904 913 264 337 764 788 978 980 857 871 417 476 777 799 854 868 314 383 367 430 598 638 768 791 594 634 862 876 900 910
95 20 11987 802 822 855 870 703 733 919 927 824 842 670 703 905 915 610 649 787 808 711 740 862 876 799 819 766 790 552 597 666 699 873 885 673 706 493 544 933 940 581 623
96 20 10116 833 850 648 683 258 332 520 568 644 680 783 804 319 387 657 691 931 938 991 992 596 636 836 853 440 496 613 652 598 638 833 849 729 756 845 860 270 343 301 371
97 20 11667 666 700 788 810 741 767 758 782 584 626 615 654 413 472 939 945 381 443 813 832 816 834 778 800 437 494 825 842 710 739 735 761 958 963 968 971 828 846 831 848
98 20 10076 496 546 590 631 918 926 734 761 844 860 862 876 751 776 931 938 694 725 898 908 603 642 462 516 339 405 244 320 461 515 202 282 601 641 522 570 987 988 457 511
99 20 9623 80 172 276 348 540 586 902 912 908 917 858 872 919 927 422 480 618 656 583 625 644 680 458 512 396 456 714 743 688 719 997 997 571 614 376 439 609 649 470 523
100 20 11415 966 970 883 895 823 841 703 733 747 772 612 651 258 332 807 827 780 802 801 821 817 835 694 725 476 529 733 760 928 936 469 522 761 785 281 353 807 826 923 931
