1 20 9787 144 88 834 826 586 594 242 253 856 849 566 530 547 562 610 602 543 570 702 690 690 700 936 934 130 191 671 676 548 520 829 824 741 760 530 501 675 662 854 867
2 20 11360 862 872 951 952 650 664 701 676 962 963 743 757 751 741 744 725 780 797 722 713 316 353 571 587 818 804 950 945 219 241 392 445 503 545 927 926 672 701 966 964
3 20 9796 801 812 731 749 484 513 773 790 639 643 412 427 887 894 605 574 476 519 770 750 266 286 454 486 676 701 645 675 324 346 657 647 980 981 853 847 471 464 341 387
4 20 11151 705 706 875 873 463 456 944 947 408 460 917 912 710 697 825 830 354 298 807 809 534 529 631 616 529 574 789 773 785 784 822 820 845 860 711 729 615 596 670 657
5 20 10814 384 337 870 870 801 810 990 990 604 583 879 890 622 622 296 365 340 287 170 134 852 845 817 800 976 975 599 581 1000 1000 788 805 379 343 632 666 982 980 537 497
6 20 11762 557 519 963 960 773 757 875 872 765 751 448 490 473 521 767 751 957 954 961 958 420 413 594 571 429 460 921 923 896 889 898 905 789 785 695 719 724 704 798 808
7 20 11396 932 938 318 347 940 944 595 571 867 876 297 336 787 774 657 676 926 924 297 338 955 956 979 980 141 128 869 880 514 538 967 968 863 873 576 545 871 870 894 887
8 20 10272 452 475 451 464 522 500 925 919 768 747 724 725 568 609 567 602 955 956 931 926 593 562 749 738 134 198 820 828 694 680 458 460 913 909 812 802 376 376 429 459
9 20 10826 267 217 849 841 973 973 868 880 612 583 464 468 485 439 674 652 996 996 599 612 916 922 372 431 595 561 687 698 358 393 693 706 970 967 991 991 648 614 516 555
10 20 10852 735 758 75 97 869 869 764 760 722 711 892 884 530 550 979 980 623 633 931 934 525 524 976 976 595 562 747 762 531 571 828 834 552 590 297 362 398 361 997 996
11 20 10160 450 448 561 602 288 220 792 812 972 974 642 612 820 835 828 838 451 436 762 760 390 426 218 287 457 461 756 751 459 448 983 983 580 553 784 802 834 846 674 669
12 20 10828 790 783 638 667 439 392 951 946 914 918 484 530 654 683 895 902 665 641 578 554 736 755 533 572 703 694 481 437 548 550 604 588 989 990 487 487 643 660 803 805
13 20 10215 381 378 639 673 188 220 615 653 856 845 754 731 593 597 346 356 767 761 927 928 780 760 401 417 919 924 538 515 586 547 755 732 976 974 513 559 397 348 838 847
14 20 10878 263 301 730 746 749 733 968 971 998 998 879 880 221 167 188 217 895 885 906 907 686 700 850 850 515 486 758 779 730 705 426 398 989 990 463 494 709 692 675 655
15 20 10869 643 649 306 347 713 703 978 977 918 912 209 173 670 699 378 372 943 940 704 682 369 319 737 743 654 653 494 519 931 932 606 590 996 996 416 359 958 956 964 964
16 20 11080 372 427 749 735 422 462 961 957 960 961 913 913 952 947 780 775 301 267 868 856 493 458 879 884 367 422 918 919 840 830 662 661 737 721 412 457 348 405 917 918
17 20 10677 328 347 726 729 809 805 553 527 886 878 638 638 711 718 982 983 721 707 650 633 415 421 398 340 813 818 685 660 215 172 926 923 427 478 775 769 865 853 824 820
18 20 10849 744 742 742 734 907 915 771 749 898 904 662 642 400 441 410 406 978 980 151 188 538 577 939 933 800 786 998 998 875 866 367 309 863 861 763 779 426 410 330 264
19 20 11604 824 829 340 316 797 787 374 344 898 888 640 640 906 904 713 729 825 819 338 285 971 973 663 634 904 909 826 818 865 853 964 960 904 904 741 717 436 452 577 538
20 20 8842 558 588 666 643 373 431 184 138 844 852 869 879 597 572 84 76 179 181 915 912 529 499 463 467 433 454 550 554 55 14 863 870 880 870 799 814 538 580 674 644
21 20 11787 809 798 992 993 587 608 811 796 607 634 707 715 563 592 810 799 642 612 806 795 930 925 733 724 279 273 668 664 586 566 981 980 842 844 768 771 862 851 751 732
22 20 9863 815 803 585 570 426 462 569 587 878 872 743 752 466 466 387 417 795 774 857 858 756 778 479 442 719 711 127 158 407 434 528 498 558 568 952 955 423 437 859 864
23 20 8760 126 178 311 342 884 895 618 588 296 298 985 984 201 279 329 345 176 166 877 877 670 670 501 500 360 342 333 399 493 535 811 824 764 758 709 714 714 698 793 796
24 20 10311 378 430 364 369 974 972 647 675 499 457 430 387 996 996 670 696 896 888 903 913 991 991 358 338 478 520 858 850 431 467 205 203 964 962 741 757 469 442 637 648
25 20 10551 888 884 717 740 638 625 425 429 277 217 982 983 975 976 769 779 478 511 858 855 735 744 374 383 859 855 946 943 125 100 807 805 997 997 708 680 109 191 522 559
26 20 9479 980 982 762 750 818 806 559 538 647 620 561 599 275 332 631 651 694 719 650 654 736 717 902 906 597 600 780 778 220 216 577 563 122 61 591 559 312 312 435 396
27 20 11688 847 858 123 107 433 465 661 645 902 899 729 747 943 945 883 880 592 606 802 821 918 913 796 794 914 906 685 716 675 654 757 778 990 989 351 395 615 613 994 995
28 20 9113 353 339 724 704 709 735 783 771 971 970 261 329 484 460 476 519 483 496 815 819 874 873 265 285 997 998 66 127 876 885 83 156 114 143 815 806 891 894 352 340
29 20 11412 820 827 934 929 695 717 801 810 961 962 316 255 280 248 742 766 953 952 300 331 834 846 670 647 289 290 906 909 453 483 943 945 856 855 596 557 976 979 941 943
30 20 10629 658 640 763 778 962 960 149 70 284 229 965 966 502 453 754 772 790 777 935 930 941 946 403 436 788 773 824 828 799 801 487 439 394 342 904 897 698 705 287 351
31 20 10262 674 694 606 626 930 934 837 823 629 618 565 523 506 528 954 949 786 796 969 968 550 569 524 505 164 236 663 636 696 712 226 172 383 376 726 720 559 542 881 872
32 20 10463 780 778 387 364 653 634 700 677 960 957 461 492 401 358 951 947 648 650 866 872 324 278 730 721 490 505 747 738 383 439 958 958 640 632 801 811 694 663 505 517
33 20 10380 950 950 368 389 610 647 974 971 839 852 991 991 311 306 663 679 636 610 796 805 792 813 263 234 274 297 669 700 777 777 985 985 367 334 349 300 784 803 578 620
34 20 11567 485 495 964 962 698 709 822 810 810 803 503 518 690 693 270 201 571 542 778 789 996 997 694 719 765 759 858 849 954 953 838 822 765 745 760 766 336 373 902 911
35 20 12648 820 828 984 986 802 790 840 835 919 921 912 906 680 677 808 826 798 807 873 881 967 970 635 631 676 699 893 884 982 981 937 940 597 610 537 501 719 740 431 439
36 20 9746 944 941 817 805 763 767 155 200 804 804 767 775 48 111 256 206 738 756 899 893 421 425 370 398 852 845 414 400 752 745 201 171 805 791 435 433 913 906 829 829
37 20 11228 240 188 667 697 211 228 847 843 906 915 603 575 859 867 462 505 826 840 711 686 937 936 799 811 895 896 842 844 750 747 410 369 733 732 970 970 425 433 942 943
38 20 12388 974 973 871 881 930 922 939 936 962 960 632 609 810 828 909 905 570 605 980 978 846 838 953 948 803 818 900 906 184 128 608 609 689 661 264 233 914 911 747 770
39 20 11516 799 797 635 612 836 835 838 829 421 381 966 966 998 998 233 200 784 772 757 760 997 997 817 816 588 620 172 177 881 881 919 923 796 787 772 761 889 894 298 276
40 20 10225 739 748 845 856 876 875 817 823 973 972 127 123 954 957 895 898 731 727 612 576 291 349 852 856 379 366 620 620 947 944 694 725 456 502 181 180 345 385 448 464
41 20 10855 680 702 234 180 374 361 486 492 529 564 759 775 965 964 318 376 937 931 883 889 960 957 503 470 832 828 656 647 896 889 813 798 559 596 555 564 787 795 843 841
42 20 12752 854 842 768 787 870 869 341 331 771 754 903 895 855 856 505 517 917 920 800 795 887 898 952 948 743 723 947 945 939 936 821 805 753 755 713 716 965 964 636 641
43 20 10829 338 289 639 642 89 52 754 764 349 346 858 868 850 851 257 199 814 802 425 377 806 803 919 915 786 789 976 975 832 838 616 606 996 996 560 554 901 903 772 753
44 20 9517 622 617 168 218 603 634 209 198 945 940 345 388 344 326 902 909 234 282 957 959 837 822 474 483 931 930 999 999 90 132 963 965 421 457 390 385 644 633 819 826
45 20 10903 546 531 704 690 984 984 478 468 681 674 579 548 967 968 278 231 851 844 290 349 747 769 987 987 792 812 926 919 480 465 727 704 331 287 554 536 770 768 957 959
46 20 10210 345 320 888 894 782 797 730 717 370 379 878 879 845 856 611 606 344 309 360 387 408 409 439 403 894 894 553 595 244 282 841 842 970 969 455 444 990 991 816 813
47 20 9263 697 724 977 975 60 2 973 973 886 886 770 762 469 503 49 84 391 386 583 617 690 699 25 83 767 785 806 823 631 653 649 650 399 434 842 852 580 561 335 332
48 20 11538 892 887 958 955 762 784 494 511 632 641 799 809 945 942 489 440 837 823 400 376 515 534 797 781 521 493 986 986 949 951 252 275 919 914 977 978 433 475 866 854
49 20 9621 475 525 856 853 670 690 854 845 366 395 174 130 591 595 619 622 665 653 378 336 924 928 647 625 489 511 858 867 707 702 528 530 225 297 420 465 658 690 923 928
50 20 11528 958 961 957 959 832 820 993 993 323 385 870 863 759 772 471 422 576 567 860 865 902 904 914 913 691 700 951 955 954 958 193 139 662 663 404 392 995 995 146 69
51 20 11196 953 949 984 984 222 218 864 854 744 723 588 556 631 615 997 997 891 889 891 890 963 965 544 584 919 926 510 544 892 887 407 408 272 294 758 775 489 514 477 472
52 20 11317 661 694 517 507 942 944 798 790 490 474 928 931 703 692 829 828 950 954 821 839 109 143 52 31 771 777 909 903 643 630 682 664 967 966 895 896 905 897 575 605
53 20 10823 268 221 476 435 952 950 707 733 541 502 549 528 946 943 148 180 975 976 970 971 835 851 203 170 413 393 764 759 992 992 723 745 936 936 578 614 659 664 894 894
54 20 10576 712 714 690 718 111 48 789 787 895 897 764 759 717 732 773 763 644 665 622 609 663 642 369 416 683 662 946 949 991 990 171 136 902 894 620 622 883 885 276 315
55 20 9939 620 607 522 489 970 969 950 949 381 409 150 184 488 475 681 712 525 566 563 591 533 498 652 638 627 592 470 429 999 999 749 751 868 859 360 319 387 370 929 935
56 20 11031 678 710 970 972 799 785 801 801 731 746 69 10 501 503 291 276 963 962 960 960 881 880 357 372 719 702 686 683 392 439 438 408 914 906 775 772 968 965 896 889
57 20 9684 646 646 619 632 430 486 478 510 390 373 517 471 636 656 564 557 847 839 548 515 596 564 453 471 134 217 879 875 590 606 738 745 870 875 958 960 671 664 542 563
58 20 10320 717 708 129 153 840 841 959 963 941 943 783 804 572 584 920 921 688 667 185 218 827 836 843 843 769 774 433 483 486 517 927 934 529 551 555 538 221 286 577 550
59 20 11779 887 890 927 922 620 630 946 951 835 833 713 715 946 944 571 556 699 678 600 625 934 927 657 690 568 566 979 980 579 587 496 459 896 894 540 569 645 666 686 665
60 20 10410 717 741 467 447 999 999 172 99 931 928 576 554 428 408 683 654 586 592 764 747 981 980 264 278 497 523 944 948 786 784 605 599 958 954 419 428 577 541 659 672
61 20 10769 942 943 776 765 387 350 670 643 358 415 976 974 212 260 891 893 733 750 436 427 891 884 756 756 640 637 451 494 657 675 568 607 874 875 518 492 813 823 913 908
62 20 9431 793 810 518 543 933 939 649 620 970 972 568 578 843 847 560 567 200 121 215 197 985 985 377 371 522 522 296 324 668 653 638 667 489 497 352 375 754 732 459 404
63 20 10660 571 582 764 779 962 960 126 150 932 931 990 990 808 813 238 309 455 469 802 783 729 720 840 837 802 793 120 110 545 591 916 918 370 318 665 690 929 927 762 740
64 20 11045 586 627 375 333 865 853 490 504 212 214 501 511 970 971 791 810 832 816 225 274 668 692 940 936 941 941 976 976 862 864 980 981 951 950 226 175 597 628 819 836
65 20 10851 415 455 556 555 132 175 823 824 942 948 522 557 944 946 785 802 821 809 380 438 715 714 565 563 523 544 903 893 977 976 924 927 900 902 414 358 822 824 501 517
66 20 10552 844 836 595 633 873 863 843 830 920 924 87 81 784 796 379 422 193 244 850 835 883 883 574 568 270 343 768 775 429 398 700 707 720 724 705 677 974 976 800 798
67 20 11153 789 783 801 789 221 204 816 797 958 960 789 768 795 783 942 936 476 445 198 161 980 979 442 437 811 794 816 798 670 687 880 871 925 927 450 408 463 504 720 700
68 20 11919 729 718 984 986 670 677 828 824 927 923 956 952 994 994 254 318 976 978 480 501 635 660 919 925 819 819 871 868 715 742 960 959 265 290 312 298 774 763 831 820
69 20 10910 168 130 806 809 323 296 954 956 1000 1000 631 601 688 705 823 837 901 898 969 969 445 467 770 753 568 563 637 665 509 514 686 676 788 770 771 789 534 571 667 673
70 20 11961 850 857 510 478 935 936 982 984 126 41 584 598 966 964 745 747 804 820 259 282 810 797 934 938 796 778 790 778 913 906 906 907 764 750 601 633 701 689 976 978
71 20 10301 855 857 595 607 555 539 1000 1000 931 924 560 533 288 253 195 127 782 765 944 949 698 713 131 208 197 128 905 902 773 786 923 926 644 669 615 592 302 258 984 983
72 20 9411 659 690 622 586 891 880 885 881 659 629 958 954 283 299 243 272 997 996 412 424 868 874 741 732 352 412 326 362 184 159 394 375 273 278 989 990 851 837 177 142
73 20 9706 500 465 75 139 673 646 65 40 747 749 699 677 946 947 990 991 143 80 635 644 884 878 615 644 629 652 304 283 780 795 668 638 785 772 634 604 752 740 609 648
74 20 11584 947 942 513 551 707 685 913 905 733 721 774 780 609 630 298 300 813 807 861 860 760 771 373 362 467 433 652 634 975 973 581 548 894 894 976 977 663 668 971 973
75 20 10371 497 454 124 94 922 920 852 839 115 70 540 532 663 676 682 669 782 772 393 383 954 950 526 552 903 910 691 716 528 494 764 787 820 829 857 851 934 938 417 449
76 20 10412 854 845 374 337 367 379 817 816 813 814 802 816 908 912 703 703 635 628 919 924 187 144 670 697 176 122 862 871 492 487 666 691 697 718 673 673 468 501 933 934
77 20 9833 875 878 648 622 350 309 520 479 589 617 783 763 535 530 319 340 436 470 991 992 555 558 836 846 967 964 613 608 358 325 833 822 728 708 301 242 666 685 389 390
78 20 11571 720 693 615 608 761 748 813 811 834 830 778 775 528 554 958 955 496 530 871 867 918 911 704 698 844 855 359 377 751 736 377 405 931 933 960 958 694 718 552 523
79 20 9380 335 273 601 569 982 982 987 987 80 37 416 387 540 577 904 908 422 435 888 879 458 408 775 773 396 422 675 702 688 719 303 289 571 598 858 862 376 390 471 440
80 20 11850 966 965 987 988 883 891 513 543 612 593 807 812 807 811 685 693 780 783 931 936 801 797 565 548 817 824 648 664 733 756 707 723 469 497 834 838 281 274 987 988
81 20 10432 513 532 923 925 671 653 499 496 353 317 368 415 944 948 821 822 518 480 484 467 458 440 777 782 805 823 800 806 715 727 916 916 667 647 492 472 355 346 962 966
82 20 9889 623 611 885 879 826 843 984 985 386 441 809 800 632 629 701 688 428 465 656 667 554 533 568 540 603 593 466 492 820 814 457 438 322 285 854 864 323 331 465 498
83 20 10872 100 160 444 496 654 675 442 428 883 873 507 462 968 965 819 836 594 598 748 730 351 412 747 727 529 540 635 649 938 932 889 894 903 895 931 933 610 648 899 906
84 20 11640 327 360 655 678 863 872 677 647 729 742 800 791 933 927 944 946 970 970 548 543 640 606 977 976 702 678 830 822 438 404 813 823 553 591 678 648 499 462 974 974
85 20 10644 395 386 939 934 714 704 586 579 538 508 653 684 826 832 453 400 872 859 718 734 933 927 687 691 234 227 638 620 838 828 986 987 569 603 207 128 536 545 984 982
86 20 10414 888 889 841 847 463 454 857 852 341 332 891 895 971 970 979 978 981 982 407 465 626 628 737 759 617 640 518 503 591 575 439 471 837 834 357 359 174 242 503 471
87 20 10276 29 65 811 814 403 362 959 961 975 975 318 357 738 745 623 597 879 872 958 960 995 995 319 261 450 407 900 907 312 360 580 553 747 764 411 412 751 763 688 712
88 20 11453 783 775 907 902 856 849 616 609 565 586 933 927 657 658 768 756 811 829 430 455 529 540 599 625 748 745 492 449 909 905 805 806 817 818 867 867 729 710 496 528
89 20 11848 931 931 617 640 958 960 723 716 952 954 642 626 584 575 758 768 684 695 518 533 982 980 917 916 989 989 645 666 553 537 681 649 578 620 247 224 950 948 901 901
90 20 10704 188 190 728 735 641 676 904 895 673 659 671 671 513 510 431 462 955 953 641 634 932 936 995 995 277 341 840 837 606 640 724 742 830 825 502 467 756 751 574 538
91 20 9420 983 981 348 372 643 648 974 976 423 370 842 846 142 87 312 361 700 682 805 818 857 869 343 389 358 315 298 367 718 717 575 599 45 50 660 682 996 995 754 737
92 20 10770 870 860 617 640 685 691 501 501 380 342 603 601 562 532 492 452 492 442 548 593 840 828 901 896 718 704 899 906 631 636 987 987 185 163 875 873 732 745 945 944
93 20 10500 542 536 793 782 753 772 490 490 695 697 688 696 665 679 383 433 635 629 325 307 911 913 540 553 936 932 971 973 756 777 750 727 689 720 976 976 110 55 517 508
94 20 11592 991 990 885 891 761 766 232 215 961 963 765 776 626 631 823 818 597 567 856 853 965 962 578 587 709 710 711 706 617 631 420 403 501 502 955 955 814 797 723 701
95 20 10248 868 871 974 974 257 327 922 922 525 546 957 958 781 782 892 883 74 110 763 782 82 87 817 804 614 595 892 898 721 745 349 285 463 438 640 669 550 579 670 699
96 20 11192 514 542 651 647 485 491 521 475 772 780 993 993 626 633 663 683 753 743 834 833 587 571 826 837 840 854 938 937 392 390 944 945 647 612 803 817 840 849 362 363
97 20 10810 985 984 892 895 411 360 994 995 607 604 898 892 195 261 995 994 737 745 719 701 770 762 861 856 394 372 746 728 277 232 669 662 474 504 720 707 779 795 390 338
98 20 10698 772 764 298 330 655 621 609 571 442 461 638 611 735 741 912 921 808 808 782 781 971 972 610 584 130 92 343 315 990 990 727 740 960 964 351 400 788 806 852 854
99 20 10872 821 815 482 483 484 513 984 984 975 972 707 691 196 186 419 365 954 957 539 529 629 640 610 627 882 893 994 994 569 599 906 897 505 519 812 825 505 547 618 612
100 20 11494 765 774 975 975 741 738 942 943 959 963 563 531 848 855 828 838 978 977 179 143 333 327 947 944 357 319 943 946 721 726 659 690 875 871 476 474 401 427 878 872
