1 20 11774 144 172 834 259 586 602 566 89 731 486 610 401 543 800 936 334 852 170 829 354 741 877 530 197 675 298 854 943 956 588 862 833 951 592 962 607 743 782 813 448
2 20 11230 780 867 620 905 768 330 571 682 666 322 982 795 643 261 933 313 731 839 484 776 773 886 553 260 412 628 796 65 770 63 676 890 919 635 324 660 657 343 980 642
3 20 12091 586 698 826 375 933 990 705 518 875 423 943 909 701 183 354 67 807 559 534 448 631 295 529 981 789 124 785 490 822 468 845 990 711 813 947 498 801 719 990 573
4 20 11865 879 940 500 659 994 317 98 945 817 58 976 392 599 276 1000 6 788 898 982 1 602 773 557 632 973 882 448 884 955 999 961 153 420 440 594 210 768 815 921 633
5 20 12581 799 898 789 407 695 898 724 150 798 751 798 865 932 915 711 413 840 39 820 688 867 860 779 903 787 198 297 790 955 564 979 754 751 738 967 613 863 861 576 133
6 20 11607 933 857 871 462 894 202 451 619 530 768 241 724 568 977 931 75 593 129 749 284 869 849 820 737 913 230 436 665 849 248 973 419 948 898 612 123 332 674 996 237
7 20 13029 873 990 599 652 916 882 967 965 358 775 968 653 970 118 991 368 944 735 869 489 764 409 768 530 979 776 623 632 931 741 525 495 976 494 595 99 747 793 924 753
8 20 11799 933 167 966 369 839 329 972 837 642 84 820 909 978 364 370 864 762 447 390 798 218 942 457 535 756 393 857 766 983 457 834 848 674 420 496 504 851 678 951 53
9 20 10894 484 946 654 916 895 840 965 355 578 222 736 864 533 913 703 345 921 503 574 539 695 706 989 931 787 976 643 736 803 556 968 422 188 700 615 992 856 113 31 157
10 20 12042 1000 5 780 52 401 636 919 783 538 244 648 912 755 46 976 96 513 979 623 179 998 315 879 558 895 51 906 543 515 196 949 315 880 395 426 257 989 724 463 796
11 20 12035 675 187 532 638 643 585 800 756 969 918 916 360 467 208 974 376 947 369 455 447 943 219 704 133 654 490 494 749 931 567 606 303 996 163 416 9 958 155 964 490
12 20 12456 372 938 749 232 422 846 961 41 960 632 913 545 952 38 780 400 706 368 868 41 493 157 879 692 940 419 918 542 840 183 662 487 737 197 884 275 726 548 809 407
13 20 12650 886 152 638 497 711 624 982 806 415 557 951 201 545 427 775 369 865 50 824 382 726 473 744 449 742 350 907 941 662 201 840 385 939 24 800 142 998 769 863 430
14 20 11888 608 851 763 849 272 653 824 651 816 447 797 245 713 778 825 326 663 65 904 747 826 268 865 62 964 6 904 511 741 45 637 895 577 51 615 578 558 843 989 760
15 20 11329 869 894 780 81 625 449 179 516 915 302 713 717 550 544 863 746 880 59 799 890 538 959 674 32 992 647 607 840 626 671 489 336 844 414 642 78 733 342 844 441
16 20 12470 667 586 577 3 889 842 816 768 862 123 815 202 569 709 878 274 746 706 795 1 857 518 756 944 696 57 890 37 676 88 945 140 952 864 689 49 795 150 718 337
17 20 12469 618 105 848 201 744 173 953 340 996 828 918 447 811 844 378 156 793 569 853 855 919 280 714 647 499 84 888 751 896 101 996 298 521 249 844 655 604 764 794 70
18 20 12146 487 436 964 214 818 469 888 599 637 650 717 905 638 321 535 304 277 89 982 780 975 690 769 711 653 266 946 231 948 990 807 445 997 239 665 42 958 182 522 880
19 20 10740 980 861 423 222 375 445 606 561 275 891 772 268 694 905 650 552 736 145 902 682 597 543 780 471 337 360 758 832 502 333 847 838 618 676 902 359 729 817 943 641
20 20 12782 928 431 883 378 592 677 802 973 918 164 629 747 858 138 757 943 990 142 351 836 615 469 994 900 783 233 971 295 960 179 483 624 815 620 874 441 876 850 899 762
21 20 12980 747 45 956 187 267 255 891 666 820 690 934 106 863 583 801 743 961 703 742 971 953 424 906 637 453 770 943 648 856 451 941 671 763 814 962 186 965 642 502 6
22 20 12664 486 977 857 235 790 210 935 134 941 903 403 775 788 134 824 616 799 537 487 39 620 698 947 699 996 628 808 578 759 889 930 809 837 80 884 779 954 23 786 735
23 20 10960 932 939 663 101 696 760 226 147 442 647 726 399 402 260 780 459 700 116 960 80 461 790 401 140 951 83 648 519 723 317 912 460 730 342 644 277 747 328 956 278
24 20 10529 640 395 801 743 694 3 615 950 368 669 610 979 974 41 839 905 991 285 636 142 730 177 792 1000 263 307 274 658 956 8 494 239 985 411 367 238 349 125 784 939
25 20 12612 865 578 593 766 964 308 748 810 779 217 550 205 503 650 690 550 778 754 996 975 694 915 765 384 858 193 954 319 838 10 765 80 760 622 779 901 902 974 984 929
26 20 12843 598 840 673 919 912 146 680 465 808 966 798 713 873 815 967 957 635 455 676 857 893 85 982 75 937 702 597 658 861 498 873 106 944 291 817 177 763 578 767 677
27 20 11738 256 168 738 838 899 199 421 534 370 720 852 256 624 201 805 137 435 485 913 112 829 506 960 239 948 292 899 662 901 330 695 799 534 598 842 566 883 962 869 848
28 20 13619 970 442 570 221 942 545 928 699 974 274 871 872 930 4 939 324 962 235 909 273 570 915 980 23 846 220 953 9 882 941 900 799 934 328 303 264 914 322 747 941
29 20 13133 799 445 635 180 836 471 838 229 998 412 772 757 997 346 817 493 588 894 904 684 881 477 919 766 796 273 772 278 889 712 298 342 845 861 973 254 906 822 954 826
30 20 12014 807 986 895 660 731 421 949 190 291 911 852 614 947 267 694 1000 456 924 448 644 979 726 835 938 486 556 529 873 759 826 965 305 883 732 960 76 656 369 896 195
31 20 12767 497 583 813 81 917 613 555 611 787 686 843 444 768 903 870 451 840 491 771 130 903 66 855 558 622 565 650 758 800 361 887 978 952 52 743 110 947 288 939 254
32 20 12118 965 365 636 570 887 112 820 933 536 89 836 995 754 689 850 524 919 298 580 832 616 377 996 459 560 423 901 604 622 433 801 446 887 866 209 426 945 10 828 70
33 20 12652 902 858 837 37 581 210 931 464 999 838 805 121 926 386 676 698 546 337 704 263 984 461 478 400 681 395 278 177 919 468 921 51 943 134 987 656 792 978 926 14
34 20 12747 727 81 331 171 957 682 888 787 782 831 730 267 845 846 714 948 666 914 981 252 747 324 841 522 970 327 455 403 878 628 816 434 977 146 973 532 886 532 770 313
35 20 10504 763 345 820 46 617 548 391 463 583 915 690 644 314 800 631 798 649 505 399 792 842 801 580 279 892 295 958 118 762 965 494 666 945 258 489 27 515 702 797 111
36 20 11934 916 60 949 677 977 617 433 872 866 40 856 394 670 809 854 202 732 68 619 551 665 323 378 160 924 721 647 194 489 711 858 834 707 408 528 516 961 64 889 653
37 20 12727 923 832 912 602 958 919 957 705 832 134 993 323 323 959 866 842 759 755 456 481 902 595 914 438 691 653 404 402 995 668 953 47 984 646 479 247 864 129 744 104
38 20 12424 985 296 588 112 631 286 997 601 891 420 891 461 963 809 936 766 919 965 846 781 892 266 758 860 489 741 477 450 487 18 661 987 517 398 942 612 958 119 703 304
39 20 12590 950 906 993 57 695 10 389 333 692 595 836 968 967 363 895 540 905 115 575 852 707 938 541 74 549 264 946 202 970 630 835 975 820 30 717 273 764 391 992 531
40 20 12260 936 509 578 932 659 565 894 532 690 957 895 626 764 396 717 773 773 272 644 795 966 30 589 205 873 110 991 121 412 620 883 593 620 336 522 159 970 331 950 380
41 20 12097 705 917 488 370 681 979 525 923 563 822 995 528 857 588 627 35 470 114 999 993 749 533 868 144 929 920 970 811 799 137 801 492 731 784 524 979 960 415 881 456
42 20 12709 719 186 686 450 891 763 775 435 968 44 896 163 836 587 994 773 807 238 636 777 564 419 847 235 548 134 982 466 738 629 870 703 958 795 671 402 542 732 959 975
43 20 12276 973 93 688 163 844 965 827 772 843 500 769 608 941 808 486 804 927 990 529 733 555 310 922 598 887 625 927 161 620 626 946 974 835 460 571 326 699 161 557 29
44 20 11653 657 986 473 708 979 735 896 380 540 817 645 784 686 173 926 192 928 613 753 172 931 285 764 120 981 63 593 740 786 456 792 141 684 28 390 659 776 248 387 202
45 20 12590 871 619 670 93 840 733 949 385 891 204 756 498 640 458 894 38 765 423 949 655 874 534 912 223 751 415 933 892 649 80 970 846 580 162 880 15 296 696 668 269
46 20 11227 489 578 674 432 182 687 571 631 764 828 962 186 990 833 808 634 961 257 661 176 802 33 802 280 120 446 545 1000 916 602 710 441 665 869 929 347 993 343 490 641
47 20 12956 895 159 832 14 959 49 853 31 940 177 941 491 976 488 862 576 980 739 951 373 226 173 597 896 819 965 898 883 748 663 526 993 942 996 522 865 944 650 785 900
48 20 11241 761 678 821 153 967 507 755 977 701 142 900 606 414 29 967 764 873 97 961 588 780 931 844 140 135 275 574 430 270 996 768 652 429 229 612 634 720 578 800 466
49 20 10944 789 355 801 192 275 77 789 5 151 476 266 658 980 136 689 508 278 413 527 851 670 756 880 96 925 639 450 119 878 44 729 302 984 986 670 612 956 12 994 715
50 20 12260 976 829 919 866 819 510 871 387 715 989 960 466 669 163 629 62 536 458 168 275 806 584 1000 151 631 98 688 774 823 917 901 359 969 410 568 444 890 797 788 70
51 20 12524 871 517 771 900 534 898 850 760 510 175 935 515 982 919 966 232 745 547 804 890 423 98 789 757 934 790 796 70 790 218 913 114 906 570 608 978 855 560 674 698
52 20 13411 1000 340 931 16 560 185 565 142 930 538 745 108 946 119 844 838 905 330 773 781 923 641 850 708 984 229 834 216 959 990 622 17 891 11 885 342 659 68 958 112
53 20 12371 693 778 997 356 599 516 868 753 766 861 939 977 989 798 851 6 177 291 374 692 747 547 886 831 946 527 990 840 761 591 899 684 884 246 615 874 815 21 668 42
54 20 11320 472 139 752 254 998 947 411 324 699 372 893 607 537 733 774 624 777 922 298 517 813 354 861 461 760 735 440 652 975 212 976 609 663 578 749 258 805 985 497 74
55 20 11968 462 115 682 302 782 275 393 412 954 63 774 492 903 822 691 904 528 140 764 978 820 755 857 278 934 830 777 854 701 374 598 768 817 460 813 526 802 855 908 713
56 20 12932 635 412 919 824 918 75 873 299 846 339 673 493 468 818 933 581 833 706 1000 622 648 143 774 132 644 396 924 76 931 210 798 670 991 596 555 537 836 778 967 40
57 20 11523 577 494 729 845 728 121 301 74 666 788 761 245 813 449 695 219 825 710 528 771 958 138 918 61 704 405 844 862 644 960 751 197 377 725 931 628 960 278 694 898
58 20 11736 462 339 920 371 601 108 982 434 987 457 540 902 904 723 422 618 888 75 458 48 775 444 688 997 858 642 470 284 966 363 987 935 883 823 815 118 258 487 807 611
59 20 12555 685 626 780 558 931 887 801 384 565 305 694 476 648 732 928 418 814 33 761 425 834 619 807 399 671 229 821 541 941 422 777 617 805 948 800 632 715 708 916 500
60 20 11261 941 987 355 428 962 923 941 305 826 996 984 853 386 953 809 253 454 357 936 822 827 258 656 664 554 261 466 737 820 338 857 235 958 949 100 837 444 970 801 400
61 20 12199 505 968 358 238 765 789 819 968 544 587 748 143 966 184 556 271 903 116 931 680 610 995 832 327 655 834 863 853 818 916 729 747 800 276 933 49 944 682 970 440
62 20 11240 640 26 977 213 702 84 830 268 553 930 678 30 691 612 500 172 586 413 538 172 653 951 826 675 453 16 872 6 789 42 860 59 561 50 458 922 986 994 897 64
63 20 11884 594 978 984 66 684 243 463 418 857 332 341 433 891 691 971 309 979 243 981 663 990 927 626 529 737 903 617 803 518 346 837 394 515 373 909 216 403 162 959 767
64 20 12242 909 318 738 628 958 743 995 187 900 840 312 849 580 179 747 832 874 783 907 205 856 252 616 412 565 747 554 289 692 811 829 264 748 460 809 673 909 279 805 511
65 20 11778 711 591 817 522 867 517 729 146 819 332 792 603 958 739 723 377 952 770 642 264 684 678 518 660 982 55 917 452 989 422 645 792 159 401 994 816 578 999 247 348
66 20 12157 912 773 728 624 641 986 904 52 673 287 431 766 955 373 641 397 932 771 995 502 942 674 832 682 830 355 574 73 546 611 983 28 348 683 618 268 855 657 857 909
67 20 11756 718 492 779 28 996 215 754 151 963 524 870 138 617 803 685 606 501 500 562 153 492 114 492 8 548 997 840 119 901 260 718 260 899 876 631 569 987 620 742 732
68 20 12298 741 828 945 369 793 243 753 879 626 762 665 714 909 395 911 562 540 643 936 172 971 913 924 704 750 44 689 997 976 527 375 309 991 98 885 736 761 609 232 394
69 20 11944 955 847 961 790 765 738 626 564 817 506 127 766 856 376 965 131 418 200 675 156 860 434 814 45 868 621 974 422 972 124 834 87 781 512 763 915 82 530 817 159
70 20 12349 940 438 721 930 615 989 463 274 640 905 550 823 937 514 802 44 772 675 993 191 753 305 834 468 587 302 826 815 840 939 938 491 893 64 508 803 840 786 985 425
71 20 10815 776 150 892 627 642 748 994 676 607 463 898 216 615 737 764 861 323 247 746 144 664 676 720 267 779 864 390 72 573 28 698 154 732 996 655 2 609 19 442 670
72 20 12926 613 735 912 995 808 507 782 470 971 576 610 170 871 288 653 531 990 374 727 738 960 982 884 691 935 413 852 564 518 974 821 328 482 509 810 950 984 473 975 73
73 20 11618 196 436 816 772 954 848 539 394 629 638 610 728 882 995 994 27 197 505 812 830 925 446 933 949 975 622 741 429 942 581 959 947 828 799 978 334 280 411 333 455
74 20 13372 851 868 947 181 942 44 952 578 875 345 476 476 739 824 981 241 804 590 977 241 868 81 880 157 712 976 971 822 697 41 667 817 852 573 696 69 922 40 906 668
75 20 12147 580 309 509 892 776 868 716 474 870 863 646 594 841 810 967 19 818 772 475 902 604 4 834 772 731 341 986 541 725 329 774 785 900 814 975 309 845 428 612 313
76 20 11155 878 366 926 378 970 103 812 567 276 486 988 1 604 986 920 408 866 454 797 98 506 86 583 83 375 38 896 27 188 451 827 827 512 676 899 459 434 744 687 229
77 20 11915 540 544 988 784 674 392 676 783 615 594 884 561 762 290 760 161 620 501 653 525 658 647 890 627 783 145 678 920 843 30 531 854 649 22 971 966 755 736 964 246
78 20 12509 469 979 977 734 392 494 868 108 898 588 774 571 705 938 375 993 927 261 748 860 834 85 979 408 830 59 828 578 869 526 665 841 898 972 893 264 983 237 725 661
79 20 12377 888 168 934 666 962 219 613 499 997 639 998 563 910 461 614 571 481 801 763 669 891 817 922 233 701 50 546 619 706 326 724 72 633 310 868 713 764 876 557 806
80 20 12628 742 971 936 569 541 839 891 188 690 792 931 817 986 571 529 265 684 352 801 986 952 595 801 391 827 795 932 583 945 273 295 768 982 773 642 432 866 227 812 38
81 20 11874 768 6 792 796 719 653 416 507 655 546 856 25 986 865 823 250 990 155 525 591 760 317 669 833 330 485 996 706 733 980 700 480 708 257 765 735 909 495 743 411
82 20 13091 923 692 709 894 835 649 961 602 958 844 508 648 762 162 932 228 834 456 890 237 880 113 412 211 919 647 594 539 941 450 885 573 805 789 994 966 771 955 851 454
83 20 12742 951 186 699 300 797 182 977 116 905 71 934 543 817 106 972 200 650 324 881 797 958 532 971 250 961 166 920 790 347 21 814 236 529 344 730 827 769 429 346 424
84 20 12108 355 340 795 563 572 8 967 990 762 483 926 735 902 344 977 258 997 114 950 514 862 13 822 827 977 955 715 792 603 669 160 691 654 907 588 662 921 20 631 209
85 20 11124 795 83 932 520 811 579 925 412 686 470 449 998 862 969 784 846 523 176 576 237 869 366 825 805 945 739 953 126 408 460 670 456 570 155 167 722 582 504 573 285
86 20 10744 227 44 958 421 924 727 289 146 773 80 912 591 897 287 944 311 612 282 408 59 936 23 691 800 485 381 503 423 715 660 740 548 839 915 833 591 544 536 201 477
87 20 12167 632 224 991 500 445 813 556 552 676 403 497 964 896 142 940 197 966 4 891 717 987 812 595 384 845 405 774 734 773 985 942 850 849 76 610 518 425 727 919 935
88 20 11299 718 63 327 785 826 914 790 839 765 589 901 766 928 108 599 198 842 410 963 215 952 642 279 714 671 143 734 37 861 489 309 365 877 37 616 757 1000 981 166 973
89 20 10952 787 272 381 195 631 394 942 380 997 532 508 725 430 620 598 958 993 224 619 616 412 68 780 611 719 702 438 495 795 613 891 555 614 867 773 973 929 80 453 82
90 20 12026 943 580 793 565 721 835 858 921 695 667 841 930 780 67 432 731 855 328 763 471 307 826 859 675 971 654 744 430 304 933 987 514 937 957 993 298 354 391 896 458
91 20 12576 848 996 571 315 793 472 765 688 698 94 958 612 496 854 836 122 946 252 785 391 917 278 998 913 735 221 482 422 842 392 841 917 843 996 798 468 982 506 586 396
92 20 13054 789 644 566 246 804 524 977 854 676 951 731 686 960 487 722 463 957 82 984 291 599 466 980 307 936 84 742 734 605 599 895 58 888 528 733 73 935 669 839 478
93 20 12023 962 945 587 444 719 209 537 594 753 702 706 330 982 610 960 689 870 82 666 699 705 89 666 725 479 230 739 399 724 705 833 718 674 212 739 395 910 922 818 550
94 20 12482 722 241 889 909 814 167 946 241 952 705 510 991 837 649 956 359 735 436 462 573 956 586 926 775 674 558 799 452 700 449 893 447 717 132 328 445 969 21 818 622
95 20 12391 535 223 806 705 799 259 477 207 775 883 941 99 872 450 524 425 914 127 938 619 473 974 800 914 903 635 940 660 650 349 772 294 920 210 625 256 886 696 939 404
96 20 13200 956 206 978 350 849 361 816 166 871 389 908 681 740 327 919 682 756 291 583 823 853 50 774 791 934 410 725 460 931 239 995 240 846 994 909 941 660 796 498 298
97 20 12076 784 278 765 503 572 83 795 570 1000 42 996 264 929 127 436 775 969 172 617 806 994 611 845 79 738 817 932 443 310 509 527 109 698 541 891 9 886 974 412 393
98 20 10933 751 829 634 349 585 816 712 374 284 153 960 662 738 585 625 400 444 184 536 101 941 877 480 456 828 453 786 568 212 519 972 340 986 667 909 822 712 223 572 104
99 20 12203 875 851 862 474 988 736 975 56 957 314 570 555 702 995 929 306 917 534 799 63 407 820 357 235 551 297 859 540 748 570 894 475 612 881 711 1000 660 980 881 630
100 20 11863 433 494 625 170 305 476 765 91 976 705 627 121 687 29 407 754 535 630 865 872 960 480 868 532 946 920 718 959 846 113 999 177 399 200 971 979 923 989 974 847
