1 20 3927 857 172 167 259 415 602 435 89 270 486 391 401 458 800 65 334 23 790 172 354 260 877 147 943 45 588 139 833 50 592 39 607 310 708 188 448 257 138 221 867
2 20 3297 233 330 261 950 335 322 19 795 270 839 517 776 228 886 97 784 53 125 325 890 82 635 341 575 344 343 21 642 148 309 68 990 296 518 126 423 58 909 300 183
3 20 3054 176 631 647 67 194 559 20 450 212 124 216 490 179 468 156 990 200 719 11 573 501 659 7 317 56 642 184 58 25 392 402 276 1 6 213 898 19 1 399 773
4 20 2318 28 882 117 904 46 999 40 153 233 815 80 633 212 407 103 393 175 877 203 751 203 865 69 915 290 413 134 860 222 903 214 198 211 415 46 564 22 754 250 738
5 20 4311 138 861 425 133 384 182 549 716 550 619 471 768 277 525 433 977 70 75 408 129 252 284 132 849 181 737 88 230 95 558 152 248 28 419 53 898 389 123 314 157
6 20 2938 402 652 119 294 34 965 643 775 33 653 31 118 10 368 57 735 233 530 22 776 476 495 25 494 406 99 254 793 68 167 35 369 162 329 29 837 23 364 611 798
7 20 3600 544 535 245 393 144 766 18 457 167 848 327 420 281 299 150 678 50 53 87 738 55 871 36 355 423 222 265 864 468 913 576 149 80 503 12 931 214 976 358 736
8 20 3379 33 422 301 946 386 992 145 113 1 5 221 52 600 636 82 783 82 490 353 912 331 513 378 179 3 315 122 558 106 51 95 543 486 196 52 315 121 395 326 187
9 20 2629 358 585 201 756 32 918 85 360 54 369 554 197 58 219 297 133 347 490 252 906 122 18 202 416 43 155 37 490 189 69 63 630 188 54 124 801 40 41 41 632
10 20 2812 49 38 133 41 152 872 122 692 61 419 83 542 161 183 117 275 275 548 192 407 326 569 115 152 363 497 290 624 19 806 586 557 50 201 60 998 226 369 136 50
11 20 3149 248 584 177 382 275 473 94 941 339 201 161 385 62 24 201 142 3 769 138 430 238 849 729 653 103 22 288 778 176 326 175 268 136 62 37 6 97 511 260 45
12 20 3443 10 209 364 895 158 728 12 760 40 701 132 894 221 81 376 449 288 717 451 544 138 746 121 59 202 890 463 959 327 32 9 647 394 840 375 671 203 930 20 329
13 20 3328 233 564 139 123 186 202 432 709 188 209 255 706 206 1 144 518 57 288 473 177 312 49 206 150 283 337 117 973 383 105 153 201 257 173 48 340 5 828 83 447
14 20 3820 623 156 208 569 146 182 82 280 287 647 5 715 113 751 105 101 157 655 397 764 207 70 180 894 183 469 113 599 113 336 284 905 363 321 466 304 724 89 19 780
15 20 2970 571 179 26 690 232 711 142 350 55 231 53 990 194 445 4 239 336 42 43 182 121 665 150 994 21 861 395 561 110 580 229 268 307 905 99 682 404 543 221 471
16 20 3144 108 927 499 333 163 850 383 676 99 359 272 817 58 641 118 378 324 934 199 973 83 164 372 747 143 138 7 900 200 131 30 295 41 179 518 624 186 620 127 441
17 20 2336 4 949 125 850 102 762 45 187 181 690 67 106 138 583 200 743 40 703 259 971 48 424 95 637 548 770 36 501 635 536 60 671 238 814 39 186 36 642 24 694
18 20 2412 211 210 66 134 60 903 177 616 381 698 54 699 5 628 71 809 164 80 117 779 47 23 215 735 32 279 69 939 338 101 305 760 275 399 177 846 41 80 211 302
19 20 3368 50 83 353 519 278 317 89 460 271 342 357 277 254 328 45 278 43 471 361 395 200 743 307 3 386 950 27 41 162 905 10 285 365 142 271 177 209 1000 172 59
20 20 3694 45 8 212 224 652 125 62 283 1 397 136 578 291 48 73 608 253 810 222 217 451 205 498 650 311 550 223 754 5 975 307 915 236 384 163 10 236 80 241 622
21 20 2752 99 974 17 929 321 465 193 966 203 713 128 815 34 957 366 455 325 857 108 85 19 75 64 702 404 658 57 291 184 177 197 736 234 677 50 47 174 462 263 838
22 20 2626 413 258 383 435 88 112 172 506 41 239 53 292 102 662 100 330 202 788 467 598 159 566 118 962 132 848 431 221 59 545 73 699 27 274 130 872 71 4 62 324
23 20 2254 155 632 379 667 92 273 431 915 21 23 155 220 48 9 119 941 101 799 67 328 60 799 366 180 165 471 35 434 3 412 229 757 4 346 184 493 107 878 97 684
24 20 3649 82 766 205 273 229 278 112 712 262 687 156 861 28 254 95 822 47 826 106 660 270 421 52 190 710 911 149 614 54 267 307 1000 545 924 166 938 515 556 472 873
25 20 2560 36 305 118 732 41 76 188 81 84 613 446 611 214 686 158 444 233 903 131 451 161 491 230 130 98 66 146 558 379 565 114 978 49 52 258 110 54 288 62 254
26 20 3217 36 365 431 265 114 112 68 86 465 89 6 524 312 843 151 524 82 298 169 682 385 377 5 459 441 423 100 604 379 433 366 878 56 10 173 70 184 595 99 858
27 20 2866 44 745 164 37 420 210 70 464 2 838 196 121 75 386 325 698 455 337 297 263 17 461 247 785 30 506 723 177 82 468 80 51 58 134 14 656 209 978 75 14
28 20 2765 274 81 670 171 44 682 113 787 219 831 123 540 156 846 53 756 335 914 20 252 254 324 160 522 31 327 11 417 24 146 28 532 115 532 418 915 357 281 52 146
29 20 3927 92 70 203 539 352 505 602 792 159 801 220 84 69 581 43 118 239 965 507 666 56 258 512 27 486 702 204 111 480 202 15 593 52 677 24 617 568 872 26 684
30 20 3792 331 809 147 202 269 68 382 551 336 323 354 194 512 711 143 834 294 408 581 889 89 602 43 919 44 705 169 134 8 323 42 816 135 842 242 755 520 614 99 595
31 20 2856 310 653 597 402 6 668 48 47 17 646 384 744 78 55 110 420 110 461 38 809 65 766 82 965 155 781 109 266 243 860 514 18 340 987 43 119 298 304 23 530
32 20 2609 8 57 306 10 92 160 34 363 149 321 294 938 460 74 31 630 166 975 181 30 284 273 237 391 9 531 278 901 65 509 69 468 342 565 107 532 44 45 106 626
33 20 3610 284 773 35 30 412 205 55 821 10 121 589 620 118 593 381 336 479 159 31 331 51 380 272 144 84 491 476 923 179 835 6 528 144 588 374 35 531 114 2 993
34 20 2517 133 144 72 920 31 811 202 137 200 492 270 784 22 221 41 415 120 456 315 450 110 763 226 435 33 44 105 163 194 238 365 777 94 167 154 235 441 204 19 466
35 20 3146 298 325 263 629 131 703 43 795 330 402 459 732 42 975 60 634 28 93 313 163 157 965 174 772 158 500 232 608 60 808 472 733 446 310 79 598 114 625 74 161
36 20 3746 55 974 166 460 444 29 407 592 15 500 105 380 461 817 356 784 315 173 75 192 73 613 184 50 573 324 261 868 215 456 209 141 147 47 130 619 331 93 161 733
37 20 3588 182 227 52 385 110 204 107 38 127 534 89 223 250 415 68 892 839 401 121 15 363 903 82 239 327 432 819 687 430 631 237 828 39 186 11 833 193 634 40 257
38 20 2180 199 33 354 2 122 279 1 555 85 602 291 441 336 869 72 347 8 343 360 895 169 14 42 49 148 31 61 177 60 491 25 488 139 576 21 739 50 373 182 965
39 20 3011 586 841 103 883 253 663 475 993 59 996 216 900 104 349 34 507 246 977 300 142 101 606 157 236 34 764 128 97 40 588 221 931 157 140 118 522 427 430 5 711
40 20 4027 69 400 349 97 281 578 201 466 200 192 726 77 212 5 21 136 312 508 723 413 474 851 245 867 121 96 76 639 551 119 17 986 331 612 45 12 7 715 73 727
41 20 2163 82 866 182 510 130 387 286 989 41 466 47 712 1 151 57 865 227 958 32 410 433 444 111 797 213 70 101 847 103 544 151 760 19 919 35 232 256 547 197 890
42 20 3471 191 164 67 790 372 224 211 218 88 114 95 570 393 978 146 560 327 698 591 635 441 185 256 108 55 119 157 838 96 330 228 781 78 641 151 708 17 229 379 17
43 20 3156 43 112 4 356 402 516 285 352 235 861 62 977 12 798 150 6 454 938 115 831 55 527 11 840 410 483 102 684 117 246 386 874 186 21 333 42 216 218 367 99
44 20 4080 3 947 590 324 302 372 108 607 464 733 227 624 224 922 140 461 241 735 349 234 26 212 25 609 338 578 252 258 196 985 504 74 73 445 539 115 400 100 99 155
45 20 3277 415 328 227 492 98 822 97 264 181 755 144 278 67 830 224 854 300 374 233 594 184 460 188 526 199 855 93 713 82 824 83 75 328 493 533 818 68 581 353 143
46 20 4031 481 72 77 76 70 210 203 670 10 596 446 537 165 778 34 40 388 428 424 494 272 845 273 121 240 245 188 449 83 61 297 405 157 862 357 960 250 197 624 725
47 20 3163 41 278 307 898 81 371 400 108 19 434 14 457 461 902 97 723 579 618 113 75 313 997 143 642 14 935 118 823 194 611 194 584 375 310 221 558 70 887 200 384
48 20 2983 307 476 353 732 73 418 187 33 240 425 167 619 194 399 330 229 180 541 60 422 224 617 196 948 201 632 286 708 85 500 334 200 60 987 60 305 175 996 17 853
49 20 4139 192 253 342 768 65 822 174 258 345 664 447 261 264 725 118 919 144 235 43 949 901 837 557 970 200 400 205 507 496 968 33 828 35 184 445 271 98 116 70 680
50 20 3790 138 853 183 916 272 747 201 276 68 49 57 682 31 440 24 213 299 84 171 268 448 930 323 30 62 105 287 342 415 413 463 172 348 951 175 675 705 718 68 22
51 20 2748 543 922 15 994 104 64 17 66 317 243 538 418 144 332 30 309 22 243 20 663 11 927 198 335 26 388 221 477 263 628 43 743 6 187 101 840 689 849 127 783
52 20 3380 145 252 385 412 85 476 368 787 309 811 172 264 253 460 192 673 92 279 196 511 184 522 134 517 17 363 317 678 483 660 19 55 84 452 12 422 356 792 423 999
53 20 2736 273 624 15 706 97 52 328 287 570 766 46 373 360 397 69 771 6 502 36 714 169 682 127 294 18 28 27 793 144 909 152 192 509 149 222 28 5 215 247 151
54 20 3338 131 138 384 803 316 606 679 881 161 119 100 260 283 260 102 876 269 741 56 369 44 998 122 319 375 762 336 714 92 395 90 562 461 643 65 172 30 913 77 704
55 20 3620 312 997 25 527 183 885 240 609 46 847 40 790 236 738 254 198 495 9 36 131 141 434 359 881 476 721 44 568 220 512 238 915 280 930 386 989 451 823 64 514
56 20 3069 212 378 199 44 229 675 8 191 248 305 167 468 414 302 175 815 161 939 63 491 108 64 493 803 161 786 16 425 109 627 359 748 74 170 281 95 6 376 354 876
57 20 3710 92 567 237 861 316 241 255 144 222 864 611 72 269 996 135 754 392 19 559 670 89 995 193 507 219 470 30 576 391 170 130 288 274 738 41 982 117 691 66 413
58 20 2949 27 496 180 328 519 509 51 809 17 473 26 73 294 230 805 436 185 772 47 848 462 394 363 501 7 27 76 446 68 949 26 622 260 429 59 581 42 947 173 799
59 20 3111 54 181 59 44 49 578 126 345 20 241 197 590 24 241 133 81 121 157 289 976 30 822 304 41 334 817 149 573 231 673 346 323 421 309 492 892 225 868 285 474
60 20 3043 298 690 131 863 355 594 160 810 34 19 183 772 99 124 397 4 167 772 270 341 15 541 101 814 26 309 280 983 123 366 75 378 31 103 189 567 789 604 81 408
61 20 3456 107 339 135 454 204 98 516 954 105 27 325 359 281 538 567 744 327 392 325 783 215 514 117 561 62 489 22 326 218 145 323 920 158 30 30 966 246 736 37 246
62 20 2659 532 979 24 734 103 588 8 399 74 261 253 860 167 85 22 408 171 59 173 578 132 526 336 841 29 452 325 202 18 237 276 661 462 867 113 168 67 666 39 219
63 20 3086 4 639 3 563 91 461 238 669 331 13 455 619 295 326 277 72 368 310 93 355 125 611 195 742 65 569 460 839 110 188 414 688 70 817 15 571 200 986 49 595
64 20 3034 174 795 69 583 56 273 233 96 19 773 359 432 441 792 128 513 145 25 15 865 178 250 11 155 476 591 57 925 5 706 268 980 301 480 293 257 166 649 399 484
65 20 2698 198 444 239 162 69 228 167 456 111 237 121 113 589 211 82 647 407 539 60 450 116 573 196 789 7 966 230 955 150 454 240 699 204 182 24 116 96 71 67 543
66 20 3316 29 200 351 324 30 250 40 166 211 28 472 344 271 827 640 482 239 483 24 258 4 114 51 514 139 13 179 827 24 955 286 792 207 150 634 631 109 600 206 83
67 20 3421 271 25 76 412 315 470 3 523 139 969 217 846 478 176 480 520 132 366 176 805 56 739 48 126 431 155 428 285 211 13 2 99 533 912 104 287 57 311 120 19
68 20 3622 65 23 310 800 516 381 578 966 286 660 261 548 457 536 223 131 10 500 188 350 504 964 105 142 61 197 35 4 110 717 14 812 406 384 156 405 227 734 16 252
69 20 3081 99 473 59 850 152 76 391 518 42 238 175 914 100 766 73 108 402 198 159 410 38 215 49 642 722 714 330 143 267 37 140 489 144 601 124 37 385 757 1 981
70 20 3311 79 2 28 787 59 380 4 532 403 958 8 224 382 616 589 68 221 611 299 703 563 495 206 613 110 555 313 357 28 541 72 80 166 604 143 921 306 667 160 930
71 20 3355 64 622 221 67 326 280 30 654 257 430 697 933 14 514 64 957 8 298 430 315 208 472 43 612 505 854 165 122 55 252 3 913 266 221 519 422 159 392 160 917
72 20 2791 443 536 158 996 203 468 19 506 212 644 33 964 197 524 24 854 325 951 270 686 41 487 10 133 65 84 267 829 467 186 146 881 113 528 268 73 66 669 162 478
73 20 3755 39 945 414 444 282 209 464 594 299 168 295 330 19 610 41 689 131 82 335 699 296 89 262 399 277 705 168 718 327 212 262 395 79 732 183 550 20 32 501 817
74 20 3777 187 167 55 241 49 705 491 991 164 649 45 359 565 591 539 573 45 586 75 775 327 558 202 452 301 449 108 447 284 132 673 445 32 21 183 622 195 705 202 259
75 20 2602 226 883 60 99 129 450 190 791 210 241 63 619 528 974 87 614 98 635 61 660 351 349 229 294 115 696 62 404 23 350 152 361 185 166 130 389 93 681 261 327
76 20 2626 148 50 227 791 70 239 6 240 7 183 60 55 341 796 217 278 236 503 429 83 206 570 1 42 5 264 72 127 565 775 32 172 195 310 7 611 156 79 303 541
77 20 4406 633 568 229 714 27 311 250 829 265 774 416 816 289 374 717 153 41 662 263 585 376 400 56 254 451 692 60 877 521 456 173 453 215 568 482 263 29 340 15 667
78 20 3787 289 223 429 104 297 556 150 67 26 56 44 314 431 555 299 995 72 306 84 534 202 63 594 820 230 763 253 570 107 475 389 881 1 573 341 980 120 630 376 170
79 20 3276 236 91 25 705 617 638 128 280 594 754 466 630 136 872 41 480 133 532 55 920 283 959 155 113 2 177 602 200 30 979 78 989 27 847 5 727 232 977 251 348
80 20 2720 32 42 307 188 31 25 331 276 209 734 429 542 128 721 90 24 100 218 73 575 93 147 294 556 241 906 7 705 528 199 239 855 26 695 125 893 40 696 78 518
81 20 2984 236 452 375 355 361 696 129 698 7 473 192 845 247 28 176 990 33 858 109 379 138 901 308 916 173 486 101 93 177 393 280 846 256 225 205 292 46 800 182 677
82 20 3376 10 365 416 660 91 458 731 569 104 791 65 981 267 510 592 122 58 627 321 16 24 191 262 725 49 125 84 713 172 507 191 338 274 829 203 330 76 31 230 250
83 20 2603 65 351 105 957 258 221 101 261 173 808 625 537 10 98 55 789 9 473 336 378 232 307 38 883 38 294 6 267 52 697 150 744 464 30 228 752 104 95 205 499
84 20 3660 152 935 475 80 346 127 58 990 19 656 684 930 461 369 219 425 174 593 149 133 149 520 9 224 67 699 465 612 8 196 43 262 147 555 195 229 490 899 265 64
85 20 3170 272 479 603 781 31 780 518 814 423 862 107 359 124 1000 94 343 458 788 2 607 7 527 10 303 182 730 35 664 394 606 171 883 5 706 197 508 139 605 191 334
86 20 3086 57 20 179 255 155 182 238 39 357 171 141 208 38 547 287 1000 41 626 191 300 28 914 412 547 376 873 196 599 138 950 244 697 163 551 24 792 431 306 162 692
87 20 3148 472 465 370 64 161 699 85 778 236 504 8 350 352 65 108 782 250 657 292 136 47 442 440 774 91 367 444 330 44 617 44 854 22 918 2 233 461 822 7 248
88 20 4633 202 289 343 770 169 671 241 409 126 117 117 965 492 71 123 920 126 976 115 722 287 481 591 472 154 419 300 337 398 754 468 424 322 563 508 277 382 966 328 541
89 20 2579 197 869 99 372 412 876 341 667 152 256 199 647 118 528 54 33 172 710 243 409 124 938 45 213 159 763 39 345 108 572 41 679 87 130 22 185 451 665 161 432
90 20 2131 28 363 252 963 67 697 165 875 130 583 158 842 130 760 17 927 104 683 314 731 289 686 38 599 89 364 285 333 5 144 76 150 215 525 207 571 69 438 26 137
91 20 2188 31 278 211 363 40 403 7 725 90 578 146 480 170 711 133 930 504 589 181 872 210 28 25 453 10 676 91 428 72 647 154 994 187 254 105 282 224 402 145 326
92 20 3374 15 735 103 680 482 152 118 972 211 559 522 106 18 570 24 267 328 763 247 75 98 706 7 924 506 444 17 238 262 920 224 805 218 709 115 139 608 870 95 607
93 20 3152 29 573 149 423 397 204 437 151 282 953 286 836 288 979 145 972 95 803 49 503 76 859 132 474 354 51 297 592 77 228 268 902 349 198 53 80 29 925 149 194
94 20 2304 67 911 344 422 155 56 53 386 159 488 130 632 342 12 82 36 100 902 453 351 325 754 5 843 73 982 214 567 37 393 37 414 16 109 126 797 18 956 145 700
95 20 3039 76 530 274 719 150 150 535 974 194 87 46 493 356 253 107 292 171 390 63 217 388 701 19 162 167 207 65 576 185 870 174 633 461 349 92 689 27 212 249 262
96 20 3629 294 589 375 259 460 400 66 226 331 532 190 227 378 828 98 262 149 917 40 713 105 1 27 4 238 154 90 571 215 161 319 392 119 485 375 456 309 167 359 617
97 20 2909 610 276 400 403 57 426 124 135 177 932 204 541 106 495 248 527 198 197 76 323 87 250 317 59 37 385 46 258 292 4 137 7 137 124 37 477 205 670 142 134
98 20 4159 700 801 453 120 206 950 336 591 267 242 281 638 450 688 83 164 334 18 1 770 75 245 356 484 370 153 3 147 122 896 182 865 90 676 468 683 251 22 171 624
99 20 3143 365 894 238 582 66 162 130 655 113 784 156 265 526 895 177 46 44 384 246 554 689 210 326 948 11 542 45 420 78 584 154 409 108 157 74 828 273 931 110 772
100 20 3466 491 689 178 690 221 475 119 764 238 72 353 790 120 126 111 620 73 925 309 997 32 659 352 968 292 10 21 357 66 252 454 521 29 629 380 173 211 739 283 644
