1 20 3826 857 871 193 273 415 474 399 459 145 230 50 145 24 121 270 343 458 512 311 380 149 234 23 121 211 290 64 158 260 334 124 211 326 394 45 141 50 145 409 468
2 20 3685 39 135 188 270 221 299 134 220 233 309 335 401 358 423 270 343 162 246 228 306 115 203 95 186 135 221 589 630 373 436 247 322 396 456 231 308 53 147 205 284
3 20 3466 325 393 111 200 677 709 341 407 21 119 415 473 68 161 11 110 126 213 57 151 224 302 300 370 176 258 160 244 76 168 194 275 370 433 212 291 179 262 290 361
4 20 3559 54 149 131 218 212 291 11 110 428 486 122 210 61 155 39 135 7 107 684 716 184 266 402 462 677 709 213 292 103 193 369 432 38 134 341 407 227 304 146 231
5 20 3950 73 166 512 561 162 246 653 688 38 134 444 499 126 213 165 248 500 550 271 344 553 598 117 205 97 187 40 136 407 466 89 180 80 172 202 281 103 193 306 376
6 20 3443 277 350 175 257 124 211 42 138 97 187 203 283 290 361 66 160 406 465 181 263 222 300 98 188 704 733 211 290 22 120 247 322 92 182 34 130 388 449 425 482
7 20 5300 130 217 384 446 550 595 76 169 760 784 277 349 476 529 222 300 70 163 252 327 475 528 181 263 88 179 97 187 565 608 336 402 95 186 443 499 620 658 529 577
8 20 4152 152 237 53 148 103 193 669 703 327 395 314 382 402 461 308 377 267 340 155 239 34 130 36 132 102 191 539 586 314 382 325 393 364 427 450 505 244 320 33 130
9 20 2724 31 128 394 454 57 152 287 358 237 313 414 472 109 198 22 120 225 302 70 163 260 334 94 184 25 122 507 557 254 328 208 288 143 228 35 132 4 104 29 126
10 20 3357 359 424 23 121 239 315 783 805 59 153 130 217 69 162 245 321 366 429 281 353 18 116 10 109 527 575 77 169 92 182 327 394 150 235 87 178 263 337 92 183
11 20 3655 55 150 130 217 73 166 106 196 161 245 151 236 547 592 423 481 468 521 88 179 80 172 230 307 306 375 214 292 25 122 198 279 813 832 301 371 55 149 145 231
12 20 4900 970 973 1 101 74 167 600 640 365 429 463 516 82 173 511 560 246 322 331 398 488 540 22 120 163 247 217 295 3 103 106 196 486 537 271 344 121 209 606 646
13 20 4344 575 617 538 585 326 393 358 422 416 475 32 129 534 581 54 148 58 152 347 412 127 214 70 163 122 210 5 105 898 909 43 138 298 369 189 270 252 327 188 269
14 20 3652 155 240 124 212 200 280 651 686 41 137 369 433 49 144 295 365 508 557 152 237 61 155 161 245 264 338 275 347 326 393 19 117 363 427 19 117 195 275 339 406
15 20 4123 586 628 691 722 188 269 456 510 574 616 60 154 3 103 40 136 136 222 248 323 275 347 528 575 87 179 259 334 66 160 380 442 339 405 62 156 3 103 173 256
16 20 4904 138 225 393 454 73 166 353 418 117 205 729 756 348 413 660 694 185 266 461 515 288 360 338 404 175 258 540 586 37 133 260 334 10 109 424 482 443 499 158 242
17 20 4617 12 111 241 317 132 219 107 196 479 531 376 439 552 597 86 177 90 181 573 616 451 506 457 511 337 404 290 361 121 209 152 237 463 517 42 138 802 822 9 108
18 20 4491 394 455 161 245 291 362 512 561 359 423 203 283 71 164 361 425 157 242 334 400 742 768 112 201 139 226 171 254 418 476 121 209 67 160 432 489 292 363 277 350
19 20 4250 535 582 188 269 206 286 245 320 57 151 651 686 111 200 594 635 56 150 312 381 283 354 383 445 16 115 257 331 124 212 667 700 5 104 173 256 260 334 190 271
20 20 3885 623 661 148 233 146 232 287 359 64 157 113 202 151 236 508 558 5 105 157 241 143 229 207 286 514 563 183 264 364 428 113 202 363 427 18 116 724 752 26 123
21 20 4180 232 309 290 361 143 229 55 150 221 299 70 163 112 201 194 275 93 184 336 403 479 531 121 209 21 119 351 416 183 265 626 663 556 601 726 753 110 199 307 377
22 20 3948 351 416 449 504 99 189 319 387 46 141 221 299 108 197 74 167 308 377 454 509 410 469 243 319 169 252 154 238 163 247 151 236 177 259 568 611 372 435 99 189
23 20 3847 272 344 118 207 623 661 199 279 28 125 264 338 372 435 316 384 3 103 235 312 177 259 407 466 244 320 650 685 165 249 7 106 101 191 280 352 292 363 56 151
24 20 3034 218 296 200 280 41 137 94 184 186 268 381 443 203 283 203 283 245 320 6 105 135 222 125 212 151 236 24 122 45 141 110 199 335 401 443 499 365 428 283 355
25 20 3909 181 263 311 380 355 419 661 695 138 224 136 222 22 120 40 136 298 368 464 518 48 143 167 251 115 204 51 146 419 478 548 593 128 215 145 230 635 672 25 122
26 20 4123 60 154 330 397 343 409 39 135 608 647 290 361 138 224 499 549 515 563 24 122 211 290 188 269 461 515 125 213 68 161 111 200 581 623 60 154 98 188 405 464
27 20 3530 598 638 177 259 514 563 96 186 293 364 97 187 54 149 193 274 71 164 192 273 583 624 117 205 222 300 216 295 191 272 310 379 95 186 92 183 204 284 98 188
28 20 4056 47 143 109 199 32 129 338 404 775 797 275 348 185 267 120 208 221 299 348 413 571 614 41 137 127 214 416 475 95 186 199 279 600 640 353 418 89 180 129 216
29 20 4897 254 329 345 411 43 138 200 280 753 778 386 447 51 146 391 452 135 222 162 245 306 375 365 428 209 288 1 101 727 755 224 302 507 556 212 291 634 670 217 295
30 20 4984 423 481 1 101 408 467 291 362 253 328 451 506 311 380 451 506 753 777 430 487 5 104 26 124 236 313 272 345 47 142 804 824 236 312 177 259 434 491 222 300
31 20 3706 99 189 27 125 275 348 199 279 328 396 82 174 321 389 203 282 34 130 44 139 325 393 144 230 676 709 19 117 404 463 496 547 282 354 128 215 135 222 412 471
32 20 4086 466 519 238 314 197 277 265 339 197 278 492 543 50 145 263 337 163 247 413 471 580 622 149 234 196 276 88 179 41 137 334 401 53 148 528 576 295 365 100 190
33 20 2876 53 148 142 228 199 279 100 190 671 704 64 157 467 521 118 206 39 136 431 488 73 166 302 372 117 205 130 217 62 156 155 240 92 183 337 403 23 120 21 119
34 20 3344 155 239 203 283 119 207 67 160 312 381 87 178 366 429 163 247 332 399 35 131 229 306 244 320 184 266 97 187 82 174 220 298 229 306 254 329 99 189 703 732
35 20 3808 156 241 140 226 388 449 466 519 207 286 184 265 333 400 366 430 95 185 179 261 308 378 106 195 52 147 131 218 199 279 149 234 381 443 391 452 252 327 277 349
36 20 3872 54 149 26 124 545 591 77 169 498 548 656 690 177 260 142 227 22 120 275 348 515 563 200 280 243 319 81 173 107 196 167 250 242 318 118 206 350 415 345 410
37 20 3742 105 195 504 553 154 239 84 176 214 293 233 310 161 245 510 559 307 376 603 643 98 188 379 441 141 227 201 281 49 144 54 149 353 418 180 262 60 154 288 359
38 20 3836 36 132 371 434 58 152 114 203 465 519 247 322 312 381 158 242 143 229 152 237 83 175 82 174 25 122 385 447 441 497 379 441 568 611 528 575 114 202 135 222
39 20 3958 366 430 123 210 239 316 311 380 173 256 99 189 143 228 471 524 44 140 782 804 420 478 2 102 163 247 15 114 38 134 236 313 611 650 75 167 182 264 455 510
40 20 4007 297 367 523 571 601 641 247 322 68 161 138 225 723 751 155 239 80 172 14 113 345 410 644 680 85 176 75 167 274 347 44 140 319 387 2 102 219 297 156 240
41 20 4130 287 358 53 148 245 321 20 118 448 503 28 126 160 244 546 591 11 110 185 267 567 610 58 153 483 535 28 126 231 308 238 314 384 445 418 477 86 178 687 718
42 20 4033 370 433 203 283 462 515 23 121 602 642 421 479 220 298 43 139 507 556 335 402 202 282 202 282 512 561 191 272 286 357 204 284 85 176 15 113 24 121 135 221
43 20 3794 145 230 147 232 199 279 382 444 36 133 623 660 354 419 143 229 167 250 103 193 391 452 30 127 473 526 485 537 581 623 112 201 78 170 43 139 82 174 169 252
44 20 4190 8 107 135 221 159 244 545 591 520 568 141 227 87 178 563 607 597 637 599 639 73 165 48 143 522 570 66 159 384 446 257 332 16 114 370 433 110 199 38 134
45 20 3672 65 158 178 261 155 239 243 319 141 227 36 132 524 571 340 406 14 113 59 153 351 416 511 560 298 368 51 146 95 185 235 311 448 503 232 309 306 376 309 379
46 20 3247 165 249 33 130 319 387 106 195 426 483 149 235 631 668 49 144 460 514 55 149 99 189 61 155 26 124 166 249 26 123 588 629 284 355 9 109 65 159 342 407
47 20 3975 107 197 106 196 375 438 284 356 357 422 206 285 338 404 412 471 318 386 10 109 290 361 99 189 118 206 408 468 10 109 479 531 51 146 621 659 296 367 84 176
48 20 3598 513 561 476 528 78 170 6 105 374 437 355 419 252 327 2 102 8 107 133 220 614 652 31 128 190 271 246 321 200 280 509 558 164 248 113 202 111 200 123 211
49 20 3364 270 343 217 295 154 239 245 321 41 137 315 384 226 304 424 482 105 195 7 106 228 305 365 429 224 302 154 239 19 117 411 470 298 368 131 218 330 397 42 137
50 20 4021 60 154 429 486 313 382 174 257 232 309 515 564 472 525 268 341 174 256 79 171 403 463 2 101 177 259 34 130 659 693 329 396 551 596 74 167 55 150 27 124
51 20 3960 166 250 133 219 55 149 562 605 202 281 302 372 67 160 407 466 12 110 528 575 105 194 356 420 217 295 52 147 635 672 75 167 248 324 184 266 237 313 408 467
52 20 3075 215 294 43 139 317 385 225 302 147 232 331 398 211 290 54 149 25 123 173 256 291 362 52 147 245 320 503 553 107 196 52 147 89 180 68 161 109 198 587 628
53 20 6289 421 479 839 855 786 808 705 734 363 427 98 188 327 395 429 486 542 588 430 487 39 135 17 116 69 162 563 606 193 274 367 431 340 406 781 803 199 279 354 418
54 20 4076 122 210 85 176 639 675 336 402 132 219 205 285 284 356 57 151 256 331 8 107 136 222 899 909 109 198 169 252 366 429 333 400 148 233 60 154 510 559 241 317
55 20 3212 25 123 513 561 25 123 21 119 775 798 182 264 36 132 586 627 160 244 253 328 191 272 59 153 5 104 99 189 136 222 57 151 220 298 134 221 30 127 508 557
56 20 3444 216 294 101 191 240 316 323 391 239 315 463 517 153 238 365 429 34 130 98 189 300 370 77 170 587 629 209 288 157 241 105 194 128 215 219 297 81 173 210 289
57 20 5182 40 136 157 241 151 236 427 484 233 310 349 414 389 450 201 281 535 582 212 291 1 101 726 754 43 138 339 406 84 176 666 699 850 865 21 119 723 750 331 398
58 20 4031 121 209 79 172 551 596 281 353 272 345 331 398 279 351 74 166 375 438 7 107 286 357 25 123 172 255 366 430 182 264 286 358 12 110 332 399 465 518 543 588
59 20 4047 1 101 639 675 313 381 227 304 43 139 100 190 338 404 433 490 213 291 130 217 467 520 103 192 491 542 19 117 82 174 417 475 340 406 118 206 256 331 329 397
60 20 3232 197 277 111 200 191 272 212 291 244 320 205 285 372 435 88 179 393 454 23 121 327 394 1 101 43 139 152 237 163 247 441 497 287 358 71 164 463 516 57 151
61 20 4237 256 331 157 242 228 305 151 236 437 493 699 730 56 150 437 493 5 105 15 114 252 327 174 256 273 346 346 412 167 250 379 441 798 819 116 204 43 139 308 377
62 20 3154 4 104 133 220 285 357 649 684 36 132 62 156 24 122 150 235 627 665 200 280 178 261 158 243 1 101 83 175 515 564 115 204 170 253 164 248 378 440 11 110
63 20 4512 240 316 410 469 518 567 102 192 117 206 186 267 221 299 158 242 216 295 249 324 106 196 590 631 108 198 394 455 307 376 88 179 227 304 703 733 140 226 561 605
64 20 3433 26 124 624 661 107 197 338 404 36 132 196 277 16 114 73 166 138 225 149 234 319 387 608 647 400 460 227 304 310 379 97 188 237 313 23 121 144 230 224 302
65 20 3412 300 370 184 265 199 279 146 231 82 174 177 259 331 398 96 186 391 452 214 293 290 361 139 225 202 282 235 311 335 402 128 216 328 395 68 161 420 478 1 101
66 20 5234 353 418 481 533 357 421 218 297 682 714 70 163 10 109 165 248 561 605 388 449 168 252 272 345 700 730 240 316 142 228 256 330 306 375 473 526 618 657 83 175
67 20 4232 297 368 357 422 41 137 624 661 276 348 41 137 81 173 19 117 461 515 99 189 93 184 143 229 579 621 418 476 357 421 543 589 313 382 4 104 531 578 14 113
68 20 4739 118 206 178 260 298 368 254 329 389 450 743 769 194 274 221 299 200 280 307 376 525 572 73 165 532 579 240 316 194 275 78 170 372 434 368 432 180 262 460 514
69 20 3811 60 154 543 589 212 291 196 276 53 148 286 357 334 401 646 682 60 154 116 204 17 115 148 233 192 273 65 158 179 262 411 470 345 411 102 192 535 581 264 338
70 20 3437 181 263 118 206 82 174 43 139 52 147 20 118 557 601 31 128 205 285 643 679 182 264 33 130 173 256 253 328 254 329 445 501 112 201 70 163 169 253 674 707
71 20 3394 346 411 167 251 83 175 183 265 85 177 201 281 244 320 57 151 319 387 445 500 453 508 24 121 38 134 171 254 389 450 204 283 188 269 222 300 101 191 323 391
72 20 4089 310 379 62 156 415 474 588 630 184 266 348 413 50 145 548 593 705 734 212 291 314 382 440 496 15 114 7 107 17 116 113 202 453 507 12 111 270 343 49 144
73 20 3883 317 385 144 230 110 199 310 379 51 146 325 392 22 120 11 110 74 167 89 180 264 337 98 188 483 535 486 537 498 549 598 638 26 123 263 337 563 607 122 210
74 20 4097 43 138 422 480 101 191 161 245 421 479 127 214 218 296 546 592 145 231 749 774 288 360 115 204 436 493 85 176 309 378 190 271 38 134 98 188 185 267 445 501
75 20 4200 172 255 192 273 196 276 490 541 290 361 410 469 353 418 134 221 484 536 570 613 182 264 70 163 43 139 49 144 317 386 19 117 12 111 842 858 423 481 2 102
76 20 3727 89 180 96 186 100 190 489 540 360 424 15 113 295 365 488 539 328 396 488 539 46 142 69 162 296 367 85 176 44 140 186 268 257 331 261 335 171 254 496 547
77 20 3420 6 105 26 123 161 245 169 252 427 484 18 117 383 445 144 229 92 183 283 355 509 558 206 285 5 105 38 134 384 445 198 278 197 277 20 118 500 550 509 558
78 20 4324 509 558 253 328 161 245 408 468 283 355 741 767 30 127 370 433 259 333 269 342 260 334 208 288 44 140 3 103 83 175 375 438 239 316 92 183 461 515 358 422
79 20 4089 65 159 205 285 137 223 9 108 77 170 312 381 4 104 626 664 183 265 116 204 769 793 46 141 154 239 236 313 184 265 495 546 145 230 185 266 583 625 581 623
80 20 3072 187 268 359 423 120 208 27 124 437 494 315 384 79 171 167 251 44 140 238 315 86 177 161 245 300 370 442 498 184 266 61 155 109 198 386 447 12 111 127 215
81 20 4064 538 585 451 506 220 298 171 254 199 279 480 532 8 107 338 405 167 251 175 258 63 157 157 241 409 468 493 543 198 279 16 115 225 303 359 423 19 117 394 455
82 20 3980 103 193 6 106 237 313 140 226 255 330 64 157 281 353 611 650 229 306 689 720 303 373 346 411 135 221 559 603 388 450 266 339 193 274 30 127 130 217 11 110
83 20 4226 274 347 117 206 310 379 149 234 180 262 292 363 191 272 51 146 192 273 26 124 805 825 709 738 47 142 153 238 372 435 363 427 123 210 119 207 6 106 804 823
84 20 4053 189 270 171 254 68 161 52 147 232 309 456 511 603 643 260 334 42 138 54 149 489 540 153 238 266 340 36 133 438 494 76 169 641 677 23 121 668 701 150 235
85 20 3233 54 149 58 152 278 350 342 408 49 145 423 481 463 517 35 131 525 572 123 211 20 118 417 476 24 121 121 209 133 220 30 127 334 401 77 169 305 374 231 308
86 20 4289 325 392 346 411 492 543 109 198 285 357 298 369 355 420 34 131 526 573 99 189 854 869 167 250 115 203 15 114 460 514 227 305 216 295 26 124 225 302 188 269
87 20 3444 156 240 280 352 18 116 366 430 75 167 599 639 189 270 434 490 352 417 13 111 81 173 107 196 204 284 418 476 324 392 105 195 174 256 174 257 135 222 102 192
88 20 4226 567 610 35 132 382 444 13 112 217 295 241 317 48 143 325 393 117 205 241 317 22 120 348 413 476 528 194 274 111 200 374 437 507 556 323 391 81 173 661 695
89 20 4290 99 189 221 299 352 417 384 446 246 321 265 338 220 298 314 382 24 121 267 340 133 220 340 406 342 408 227 304 430 487 590 631 626 664 8 107 253 328 22 120
90 20 3629 171 254 86 177 132 219 475 527 332 398 176 258 103 192 29 126 549 594 428 485 216 295 18 117 216 294 128 216 23 120 462 516 134 221 457 511 67 160 335 402
91 20 3924 39 135 4 104 91 182 520 568 110 199 331 398 300 370 169 252 295 366 463 517 425 483 150 235 643 679 368 431 237 313 125 212 390 451 65 159 110 199 70 163
92 20 4332 15 113 360 424 30 127 317 385 649 684 49 144 174 256 206 285 492 542 592 633 46 141 56 151 142 228 19 117 135 222 753 778 441 497 209 288 585 626 145 231
93 20 3650 15 113 136 222 312 381 11 110 241 317 57 151 76 168 671 704 268 341 21 119 249 324 293 364 235 312 92 183 506 556 156 240 292 363 40 136 399 459 493 544
94 20 3144 239 315 256 331 167 251 121 209 82 174 60 154 368 432 174 256 161 245 247 322 196 277 212 291 230 307 46 142 240 316 302 372 24 122 709 738 67 161 29 126
95 20 4232 351 416 43 139 469 522 477 529 40 136 654 689 472 524 28 125 232 309 216 294 640 676 519 567 206 286 709 738 34 130 11 110 71 164 19 117 75 168 24 122
96 20 2932 4 103 139 226 690 721 63 156 24 121 46 141 398 459 207 286 92 183 210 289 347 412 94 185 151 236 290 361 80 172 109 198 69 162 76 168 24 122 552 597
97 20 4424 139 225 32 129 478 531 132 219 56 150 262 336 516 565 593 634 431 488 419 478 401 461 211 290 43 139 712 740 533 580 89 180 28 125 178 260 145 231 133 220
98 20 3665 104 193 134 221 355 420 262 336 37 134 337 403 389 450 120 208 65 159 516 564 138 225 253 328 286 357 341 407 162 245 86 177 457 511 465 519 10 109 65 159
99 20 3068 556 601 188 270 36 132 99 189 325 393 105 194 35 131 191 272 23 121 631 668 14 113 189 270 176 258 24 122 216 294 156 241 228 306 16 114 99 189 528 575
100 20 4001 59 153 391 452 114 203 82 174 283 354 175 258 87 178 158 242 236 312 73 166 159 243 419 477 49 144 359 423 190 271 207 286 330 397 858 873 633 670 140 226
