1 20 4241 857 172 167 259 415 602 435 89 270 486 391 401 458 800 65 334 149 170 172 354 260 877 471 197 326 298 147 943 45 588 139 833 50 592 39 607 258 782 188 448
2 20 4785 221 867 381 905 233 330 430 682 335 322 19 795 358 261 68 313 270 839 517 776 228 886 448 260 589 628 205 65 231 63 325 890 82 635 677 660 344 343 21 642
3 20 3924 415 698 175 375 68 990 296 518 126 423 58 909 300 183 647 67 194 559 467 448 370 295 472 981 212 124 216 490 179 468 156 990 290 813 54 498 200 719 11 573
4 20 4150 122 940 501 659 7 317 903 945 184 58 25 392 402 276 1 6 213 898 19 1 399 773 444 632 28 882 553 884 46 999 40 153 581 440 407 210 233 815 80 633
5 20 3434 202 898 212 407 306 898 277 150 203 751 203 865 69 915 290 413 161 39 181 688 134 860 222 903 214 198 704 790 46 564 22 754 250 738 34 613 138 861 425 133
6 20 4408 68 857 130 462 107 202 550 619 471 768 760 724 433 977 70 75 408 129 252 284 132 849 181 737 88 230 565 665 152 248 28 419 53 898 389 123 669 674 5 237
7 20 2986 128 990 402 652 85 882 34 965 643 775 33 653 31 118 10 368 57 735 132 489 237 409 233 530 22 776 378 632 70 741 476 495 25 494 406 99 254 793 77 753
8 20 4216 68 167 35 369 162 329 29 837 359 84 181 909 23 364 631 864 239 447 611 798 783 942 544 535 245 393 144 766 18 457 167 848 327 420 505 504 150 678 50 53
9 20 5121 517 946 347 916 106 840 36 355 423 222 265 864 468 913 298 345 80 503 427 539 306 706 12 931 214 976 358 736 198 556 33 422 813 700 386 992 145 113 970 157
10 20 3973 1 5 221 52 600 636 82 783 463 244 353 912 246 46 25 96 488 979 378 179 3 315 122 558 106 51 95 543 486 196 52 315 121 395 575 257 12 724 538 796
11 20 3980 326 187 469 638 358 585 201 756 32 918 85 360 534 208 27 376 54 369 546 447 58 219 297 133 347 490 507 749 70 567 395 303 5 163 585 9 43 155 37 490
12 20 3559 629 938 252 232 579 846 40 41 41 632 88 545 49 38 221 400 295 368 133 41 508 157 122 692 61 419 83 542 161 183 339 487 264 197 117 275 275 548 192 407
13 20 3365 115 152 363 497 290 624 19 806 586 557 50 201 456 427 226 369 136 50 177 382 275 473 257 449 259 350 94 941 339 201 161 385 62 24 201 142 3 769 138 430
14 20 4127 393 851 238 849 729 653 177 651 185 447 204 245 288 778 176 326 338 65 97 747 175 268 136 62 37 6 97 511 260 45 364 895 424 51 386 578 443 843 12 760
15 20 4686 132 894 221 81 376 449 822 516 86 302 288 717 451 544 138 746 121 59 202 890 463 959 327 32 9 647 394 840 375 671 512 336 157 414 359 78 268 342 157 441
16 20 3545 334 586 424 3 112 842 185 768 139 123 186 202 432 709 123 274 255 706 206 1 144 518 245 944 305 57 111 37 325 88 56 140 49 864 312 49 206 150 283 337
17 20 3546 383 105 153 201 257 173 48 340 5 828 83 447 190 844 623 156 208 569 148 855 82 280 287 647 502 84 113 751 105 101 5 298 480 249 157 655 397 764 207 70
18 20 3869 514 436 37 214 183 469 113 599 364 650 284 905 363 321 466 304 724 89 19 780 26 690 232 711 348 266 55 231 53 990 194 445 4 239 336 42 43 182 479 880
19 20 5275 21 861 578 222 626 445 395 561 726 891 229 268 307 905 351 552 265 145 99 682 404 543 221 471 664 360 243 832 499 333 154 838 383 676 99 359 272 817 58 641
20 20 3233 73 431 118 378 409 677 199 973 83 164 372 747 143 138 244 943 11 142 650 836 386 469 7 900 218 233 30 295 41 179 518 624 186 620 127 441 125 850 102 762
21 20 3035 254 45 45 187 734 255 110 666 181 690 67 106 138 583 200 743 40 703 259 971 48 424 95 637 548 770 58 648 145 451 60 671 238 814 39 186 36 642 499 6
22 20 3351 515 977 144 235 211 210 66 134 60 903 598 775 213 134 177 616 202 537 514 39 381 698 54 699 5 628 193 578 242 889 71 809 164 80 117 779 47 23 215 735
23 20 5056 69 939 338 101 305 760 775 147 559 647 275 399 599 260 221 459 301 116 41 80 540 790 600 140 50 83 353 519 278 317 89 460 271 342 357 277 254 328 45 278
24 20 5486 361 395 200 743 307 3 386 950 633 669 391 979 27 41 162 905 10 285 365 142 271 177 209 1000 738 307 727 658 45 8 507 239 16 411 634 238 652 125 217 939
25 20 3404 136 578 408 766 37 308 253 810 222 217 451 205 498 650 311 550 223 754 5 975 307 915 236 384 143 193 47 319 163 10 236 80 241 622 222 901 99 974 17 929
26 20 3172 403 840 328 919 89 146 321 465 193 966 203 713 128 815 34 957 366 455 325 857 108 85 19 75 64 702 404 658 140 498 128 106 57 291 184 177 238 578 234 677
27 20 4277 745 168 263 838 102 199 580 534 631 720 149 256 377 201 196 137 566 485 88 112 172 506 41 239 53 292 102 662 100 330 306 799 467 598 159 566 118 962 132 848
28 20 2396 31 442 431 221 59 545 73 699 27 274 130 872 71 4 62 324 39 235 92 273 431 915 21 23 155 220 48 9 119 941 101 799 67 328 698 264 87 322 254 941
29 20 2882 202 445 366 180 165 471 163 229 3 412 229 757 4 346 184 493 413 894 97 684 120 477 82 766 205 273 229 278 112 712 703 342 156 861 28 254 95 822 47 826
30 20 4001 194 986 106 660 270 421 52 190 710 911 149 614 54 267 307 1000 545 924 553 644 22 726 166 938 515 556 472 873 242 826 36 305 118 732 41 76 345 369 105 195
31 20 3248 504 583 188 81 84 613 446 611 214 686 158 444 233 903 131 451 161 491 230 130 98 66 146 558 379 565 351 758 201 361 114 978 49 52 258 110 54 288 62 254
32 20 3897 36 365 365 570 114 112 181 933 465 89 165 995 247 689 151 524 82 298 421 832 385 377 5 459 441 423 100 604 379 433 200 446 114 866 792 426 56 10 173 70
33 20 3363 99 858 164 37 420 210 70 464 2 838 196 121 75 386 325 698 455 337 297 263 17 461 523 400 320 395 723 177 82 468 80 51 58 134 14 656 209 978 75 14
34 20 3268 274 81 670 171 44 682 113 787 219 831 271 267 156 846 287 948 335 914 20 252 254 324 160 522 31 327 546 403 123 628 185 434 24 146 28 532 115 532 231 313
35 20 5511 238 345 181 46 384 548 610 463 418 915 311 644 687 800 370 798 352 505 602 792 159 801 421 279 109 295 43 118 239 965 507 666 56 258 512 27 486 702 204 111
36 20 4081 85 60 52 677 24 617 568 872 135 40 145 394 331 809 147 202 269 68 382 551 336 323 623 160 77 721 354 194 512 711 143 834 294 408 473 516 40 64 112 653
37 20 3288 78 832 89 602 43 919 44 705 169 134 8 323 678 959 135 842 242 755 545 481 99 595 87 438 310 653 597 402 6 668 48 47 17 646 522 247 137 129 257 104
38 20 3591 16 296 413 112 370 286 4 601 110 420 110 461 38 809 65 766 82 965 155 781 109 266 243 860 512 741 524 450 514 18 340 987 484 398 59 612 43 119 298 304
39 20 3425 51 906 8 57 306 10 612 333 309 595 165 968 34 363 106 540 96 115 426 852 294 938 460 74 452 264 55 202 31 630 166 975 181 30 284 273 237 391 9 531
40 20 3755 65 509 423 932 342 565 107 532 311 957 106 626 237 396 284 773 228 272 357 795 35 30 412 205 128 110 10 121 589 620 118 593 381 336 479 159 31 331 51 380
41 20 3918 296 917 513 370 320 979 476 923 438 822 6 528 144 588 374 35 531 114 2 993 252 533 133 144 72 920 31 811 202 137 200 492 270 784 477 979 41 415 120 456
42 20 3306 282 186 315 450 110 763 226 435 33 44 105 163 165 587 7 773 194 238 365 777 437 419 154 235 453 134 19 466 263 629 131 703 43 795 330 402 459 732 42 975
43 20 3739 28 93 313 163 157 965 174 772 158 500 232 608 60 808 515 804 74 990 472 733 446 310 79 598 114 625 74 161 381 626 55 974 166 460 430 326 302 161 444 29
44 20 4362 344 986 528 708 22 735 105 380 461 817 356 784 315 173 75 192 73 613 248 172 70 285 237 120 20 63 408 740 215 456 209 141 317 28 611 659 225 248 614 202
45 20 3425 130 619 331 93 161 733 52 385 110 204 245 498 361 458 107 38 236 423 52 655 127 534 89 223 250 415 68 892 352 80 31 846 421 162 121 15 705 696 333 269
46 20 4788 512 578 327 432 819 687 430 631 237 828 39 186 11 833 193 634 40 257 340 176 199 33 199 280 881 446 456 1000 85 602 291 441 336 869 72 347 8 343 511 641
47 20 3059 106 159 169 14 42 49 148 31 61 177 60 491 25 488 139 576 21 739 50 373 775 173 404 896 182 965 103 883 253 663 475 993 59 996 479 865 57 650 216 900
48 20 4774 240 678 180 153 34 507 246 977 300 142 101 606 587 29 34 764 128 97 40 588 221 931 157 140 866 275 427 430 731 996 233 652 572 229 389 634 281 578 201 466
49 20 5071 212 355 200 192 726 77 212 5 850 476 735 658 21 136 312 508 723 413 474 851 331 756 121 96 76 639 551 119 123 44 272 302 17 986 331 612 45 12 7 715
50 20 3755 25 829 82 866 182 510 130 387 286 989 41 466 332 163 372 62 465 458 833 275 195 584 1 151 370 98 313 774 178 917 100 359 32 410 433 444 111 797 213 70
51 20 3491 130 517 230 900 467 898 151 760 491 175 66 515 19 919 35 232 256 547 197 890 578 98 212 757 67 790 205 70 211 218 88 114 95 570 393 978 146 560 327 698
52 20 2604 1 340 70 16 441 185 436 142 71 538 256 108 55 119 157 838 96 330 228 781 78 641 151 708 17 229 167 216 42 990 379 17 110 11 116 342 342 68 43 112
53 20 3644 308 778 4 356 402 516 133 753 235 861 62 977 12 798 150 6 824 291 627 692 254 547 115 831 55 527 11 840 240 591 102 684 117 246 386 874 186 21 333 42
54 20 4696 529 139 249 254 3 947 590 324 302 372 108 607 464 733 227 624 224 922 703 517 188 354 140 461 241 735 561 652 26 212 25 609 338 578 252 258 196 985 504 74
55 20 4048 539 115 319 302 219 275 608 412 47 63 227 492 98 822 310 904 473 140 237 978 181 755 144 278 67 830 224 854 300 374 403 768 184 460 188 526 199 855 93 713
56 20 3083 366 412 82 824 83 75 128 299 155 339 328 493 533 818 68 581 168 706 1 622 353 143 227 132 357 396 77 76 70 210 203 670 10 596 446 537 165 778 34 40
57 20 4492 424 494 272 845 273 121 700 74 335 788 240 245 188 449 306 219 176 710 473 771 43 138 83 61 297 405 157 862 357 960 250 197 624 725 70 628 41 278 307 898
58 20 4279 539 339 81 371 400 108 19 434 14 457 461 902 97 723 579 618 113 75 543 48 226 444 313 997 143 642 531 284 35 363 14 935 118 823 186 118 743 487 194 611
59 20 3460 316 626 221 558 70 887 200 384 436 305 307 476 353 732 73 418 187 33 240 425 167 619 194 399 330 229 180 541 60 422 224 617 196 948 201 632 286 708 85 500
60 20 4754 60 987 646 428 39 923 60 305 175 996 17 853 615 953 192 253 547 357 65 822 174 258 345 664 447 261 535 737 181 338 144 235 43 949 901 837 557 970 200 400
61 20 3816 496 968 643 238 236 789 182 968 457 587 253 143 35 184 445 271 98 116 70 680 391 995 169 327 346 834 138 853 183 916 272 747 201 276 68 49 57 682 31 440
62 20 4776 361 26 24 213 299 84 171 268 448 930 323 30 310 612 501 172 415 413 463 172 348 951 175 675 548 16 129 6 212 42 141 59 440 50 543 922 15 994 104 64
63 20 4131 407 978 17 66 317 243 538 418 144 332 660 433 110 691 30 309 22 243 20 663 11 927 375 529 264 903 384 803 483 346 164 394 486 373 92 216 598 162 42 767
64 20 3773 92 318 263 628 43 743 6 187 101 840 689 849 421 179 254 832 127 783 94 205 145 252 385 412 436 747 447 289 309 811 172 264 253 460 192 673 92 279 196 511
65 20 4237 290 591 184 522 134 517 272 146 182 332 209 603 43 739 278 377 49 770 359 264 317 678 483 660 19 55 84 452 12 422 356 792 842 401 7 816 423 999 754 348
66 20 3858 89 773 273 624 360 986 97 52 328 287 570 766 46 373 360 397 69 771 6 502 59 674 169 682 171 355 427 73 455 611 18 28 653 683 383 268 146 657 144 909
67 20 4260 283 492 222 28 5 215 247 151 38 524 131 138 384 803 316 606 500 500 439 153 509 114 509 8 453 997 161 119 100 260 283 260 102 876 370 569 14 620 259 732
68 20 3717 260 828 56 369 208 243 248 879 375 762 336 714 92 395 90 562 461 643 65 172 30 913 77 704 251 44 312 997 25 527 626 309 10 98 116 736 240 609 769 394
69 20 4072 46 847 40 790 236 738 375 564 184 506 874 766 145 376 36 131 583 200 326 156 141 434 187 45 133 621 27 422 29 124 167 87 220 512 238 915 919 530 184 159
70 20 3666 61 438 280 930 386 989 538 274 361 905 451 823 64 514 199 44 229 675 8 191 248 305 167 468 414 302 175 815 161 939 63 491 108 64 493 803 161 786 16 425
71 20 5200 225 150 109 627 359 748 7 676 394 463 103 216 386 737 237 861 678 247 255 144 337 676 281 267 222 864 611 72 428 28 303 154 269 996 346 2 392 19 559 670
72 20 3089 388 735 89 995 193 507 219 470 30 576 391 170 130 288 348 531 11 374 274 738 41 982 117 691 66 413 149 564 483 974 180 328 519 509 191 950 17 473 26 73
73 20 4397 805 436 185 772 47 848 462 394 372 638 391 728 119 995 7 27 804 505 189 830 76 446 68 949 26 622 260 429 59 581 42 947 173 799 23 334 721 411 668 455
74 20 2644 150 868 54 181 59 44 49 578 126 345 525 476 262 824 20 241 197 590 24 241 133 81 121 157 289 976 30 822 304 41 334 817 149 573 305 69 79 40 95 668
75 20 3868 421 309 492 892 225 868 285 474 131 863 355 594 160 810 34 19 183 772 526 902 397 4 167 772 270 341 15 541 276 329 227 785 101 814 26 309 156 428 389 313
76 20 4860 123 366 75 378 31 103 189 567 725 486 13 1 397 986 81 408 135 454 204 98 495 86 418 83 626 38 105 27 813 451 174 827 489 676 102 459 567 744 314 229
77 20 4100 461 544 13 784 327 392 325 783 386 594 117 561 239 290 241 161 381 501 348 525 343 647 111 627 218 145 323 920 158 30 470 854 352 22 30 966 246 736 37 246
78 20 3506 532 979 24 734 609 494 133 108 103 588 227 571 296 938 626 993 74 261 253 860 167 85 22 408 171 59 173 578 132 526 336 841 103 972 108 264 18 237 276 661
79 20 3638 113 168 67 666 39 219 388 499 4 639 3 563 91 461 387 571 520 801 238 669 110 817 79 233 300 50 455 619 295 326 277 72 368 310 133 713 237 876 444 806
80 20 3388 259 971 65 569 460 839 110 188 311 792 70 817 15 571 472 265 317 352 200 986 49 595 200 391 174 795 69 583 56 273 706 768 19 773 359 432 135 227 189 38
81 20 4141 233 6 209 796 282 653 585 507 346 546 145 25 15 865 178 250 11 155 476 591 241 317 332 833 671 485 5 706 268 980 301 480 293 257 236 735 92 495 258 411
82 20 2924 78 692 292 894 166 649 40 602 43 844 493 648 239 162 69 228 167 456 111 237 121 113 589 211 82 647 407 539 60 450 116 573 196 789 7 966 230 955 150 454
83 20 3273 50 186 302 300 204 182 24 116 96 71 67 543 184 106 29 200 351 324 120 797 43 532 30 250 40 166 81 790 654 21 187 236 472 344 271 827 232 429 655 424
84 20 3907 646 340 206 563 429 8 34 990 239 483 75 735 99 344 24 258 4 114 51 514 139 13 179 827 24 955 286 792 398 669 841 691 347 907 413 662 80 20 370 209
85 20 4892 206 83 69 520 190 579 76 412 315 470 552 998 139 969 217 846 478 176 425 237 132 366 176 805 56 739 48 126 593 460 331 456 431 155 834 722 419 504 428 285
86 20 5271 774 44 43 421 77 727 712 146 228 80 89 591 104 287 57 311 389 282 593 59 65 23 310 800 516 381 498 423 286 660 261 548 162 915 168 591 457 536 800 477
87 20 3848 369 224 10 500 556 813 445 552 325 403 504 964 105 142 61 197 35 4 110 717 14 812 406 384 156 405 227 734 228 985 59 850 152 76 391 518 576 727 82 935
88 20 4716 283 63 674 785 175 914 211 839 236 589 100 766 73 108 402 198 159 410 38 215 49 642 722 714 330 143 267 37 140 489 692 365 124 37 385 757 1 981 835 973
89 20 5064 214 272 620 195 370 394 59 380 4 532 493 725 571 620 403 958 8 224 382 616 589 68 221 611 282 702 563 495 206 613 110 555 387 867 228 973 72 80 548 82
90 20 3989 58 580 208 565 280 835 143 921 306 667 160 930 221 67 569 731 146 328 238 471 694 826 142 675 30 654 257 430 697 933 14 514 64 957 8 298 647 391 105 458
91 20 3440 153 996 430 315 208 472 236 688 303 94 43 612 505 854 165 122 55 252 216 391 84 278 3 913 266 221 519 422 159 392 160 917 158 996 203 468 19 506 415 396
92 20 2961 212 644 435 246 197 524 24 854 325 951 270 686 41 487 279 463 44 82 17 291 402 466 21 307 65 84 259 734 396 599 106 58 113 528 268 73 66 669 162 478
93 20 3992 39 945 414 444 282 209 464 594 248 702 295 330 19 610 41 689 131 82 335 699 296 89 335 725 522 230 262 399 277 705 168 718 327 212 262 395 91 922 183 550
94 20 3533 279 241 112 909 187 167 55 241 49 705 491 991 164 649 45 359 266 436 539 573 45 586 75 775 327 558 202 452 301 449 108 447 284 132 673 445 32 21 183 622
95 20 3624 466 223 195 705 202 259 524 207 226 883 60 99 129 450 477 425 87 127 63 619 528 974 201 914 98 635 61 660 351 349 229 294 81 210 376 256 115 696 62 404
96 20 2815 45 206 23 350 152 361 185 166 130 389 93 681 261 327 82 682 245 291 418 823 148 50 227 791 67 410 276 460 70 239 6 240 155 994 92 941 341 796 503 298
97 20 3939 217 278 236 503 429 83 206 570 1 42 5 264 72 127 565 775 32 172 384 806 7 611 156 79 263 817 69 443 691 509 474 109 303 541 110 9 115 974 589 393
98 20 5082 250 829 367 349 416 816 289 374 717 153 41 662 263 585 376 400 557 184 465 101 60 877 521 456 173 453 215 568 789 519 29 340 15 667 92 822 289 223 429 104
99 20 3812 126 851 139 474 13 736 26 56 44 314 431 555 299 995 72 306 84 534 202 63 594 820 644 235 450 297 142 540 253 570 107 475 389 881 290 1000 341 980 120 630
100 20 4152 568 494 376 170 696 476 236 91 25 705 374 121 314 29 594 754 466 630 136 872 41 480 133 532 55 920 283 959 155 113 2 177 602 200 30 979 78 989 27 847
