1 20 3820 857 871 193 273 415 474 145 230 50 145 24 121 270 343 458 512 311 380 23 121 211 290 64 158 260 334 124 211 45 141 50 145 409 468 300 370 310 379 257 332
2 20 3419 221 299 233 309 335 401 270 343 162 246 228 306 95 186 135 221 373 436 247 322 396 456 53 147 205 284 82 174 124 211 344 409 148 233 175 258 152 236 296 367
3 20 3068 126 213 57 151 224 302 300 370 176 258 160 244 76 168 194 275 370 433 212 291 179 262 200 280 282 354 501 551 342 408 73 165 91 182 56 150 68 162 149 234
4 20 3608 184 266 402 462 677 709 213 292 103 193 369 432 38 134 341 407 227 304 146 231 399 459 28 126 119 207 46 141 2 102 343 408 411 470 44 140 233 310 186 267
5 20 2955 80 172 202 281 103 193 103 193 203 283 69 162 86 177 134 221 141 227 214 292 75 168 46 141 437 493 250 325 263 337 138 224 140 226 384 446 550 595 76 169
6 20 3123 233 309 433 490 24 122 46 142 380 442 408 468 132 219 88 179 55 149 281 353 152 237 53 148 103 193 314 382 402 461 308 377 267 340 155 239 34 130 36 132
7 20 2641 643 679 226 304 31 128 394 454 57 152 237 313 22 120 225 302 70 163 260 334 94 184 25 122 254 328 208 288 143 228 35 132 4 104 29 126 164 248 181 263
8 20 2275 23 121 239 315 59 153 130 217 69 162 245 321 18 116 10 109 77 169 92 182 327 394 150 235 87 178 263 337 92 183 36 132 481 533 265 338 137 224 44 140
9 20 3008 88 179 80 172 306 375 214 292 25 122 198 279 301 371 55 149 145 231 277 349 176 259 7 107 395 456 408 468 234 311 221 299 82 173 106 195 353 418 89 180
10 20 3624 331 398 488 540 22 120 163 247 217 295 3 103 106 196 486 537 271 344 121 209 207 286 167 251 12 111 292 362 23 121 363 427 177 260 427 485 454 509 201 281
11 20 2219 32 129 54 148 58 152 347 412 127 214 122 210 5 105 43 138 189 270 188 269 40 136 88 180 635 672 133 219 122 209 83 174 117 206 84 175 192 273 115 203
12 20 3254 363 427 19 117 195 275 339 406 351 416 50 145 316 384 22 120 318 386 75 167 226 303 594 635 177 259 94 185 60 154 160 244 298 368 103 193 147 232 161 245
13 20 2502 62 156 3 103 173 256 238 315 152 237 103 193 95 185 176 259 30 127 97 187 136 223 156 240 97 188 490 541 74 166 364 427 106 195 386 447 29 126 161 245
14 20 3908 158 242 273 346 373 435 40 136 300 370 235 312 43 138 460 514 221 299 288 359 568 611 138 224 202 282 18 116 327 394 192 273 394 455 161 245 291 362 203 283
15 20 3015 20 118 233 309 186 268 188 269 1 101 303 373 188 269 206 286 57 151 111 200 56 150 312 381 283 354 383 445 16 115 257 331 124 212 667 700 5 104 173 256
16 20 3292 83 175 623 661 146 232 287 359 64 157 113 202 151 236 508 558 157 241 143 229 207 286 183 264 113 202 363 427 18 116 724 752 26 123 142 228 53 147 11 110
17 20 3944 93 184 336 403 121 209 21 119 351 416 183 265 556 601 110 199 307 377 96 187 265 339 404 464 499 549 383 444 325 393 272 344 118 207 199 279 28 125 264 338
18 20 2584 87 178 143 228 11 110 386 447 200 280 41 137 94 184 186 268 381 443 203 283 203 283 6 105 135 222 125 212 151 236 24 122 45 141 110 199 335 401 365 428
19 20 3579 181 263 311 380 355 419 138 224 136 222 22 120 40 136 48 143 115 204 51 146 419 478 548 593 128 215 145 230 635 672 25 122 238 314 36 133 759 783 144 230
20 20 2675 211 290 188 269 125 213 68 161 111 200 60 154 98 188 405 464 88 179 213 292 381 443 303 373 5 104 112 201 164 248 47 143 32 129 338 404 275 348 120 208
21 20 4103 177 259 155 240 46 141 550 595 211 290 50 145 278 350 271 344 254 329 345 411 43 138 200 280 753 778 386 447 51 146 391 452 135 222 162 245 306 375 365 428
22 20 3163 271 344 172 255 45 141 16 114 652 687 253 328 1 101 291 362 253 328 451 506 311 380 5 104 26 124 236 313 272 345 47 142 236 312 177 259 222 300 17 115
23 20 3909 321 389 203 282 34 130 44 139 325 393 144 230 19 117 404 463 496 547 128 215 135 222 184 266 234 311 324 392 174 256 102 192 383 445 566 610 172 255 495 546
24 20 2104 41 137 53 148 295 365 100 190 154 239 102 192 339 405 290 361 202 282 125 212 159 243 132 218 31 128 59 153 27 124 71 164 39 135 379 441 28 126 5 104
25 20 2792 92 183 337 403 23 120 21 119 252 327 48 144 102 192 192 273 301 371 101 191 202 282 388 449 60 154 165 249 336 403 232 309 43 138 3 103 589 630 4 103
26 20 3227 184 266 97 187 82 174 220 298 229 306 254 329 99 189 262 336 28 125 47 143 194 275 15 114 270 343 190 271 451 506 710 739 54 149 26 124 545 591 77 169
27 20 2867 166 250 63 157 472 525 128 216 36 132 64 158 41 137 169 252 151 236 105 195 154 239 84 176 214 293 233 310 161 245 510 559 307 376 98 188 379 441 49 144
28 20 3220 258 332 62 156 36 132 58 152 114 203 465 519 312 381 158 242 143 229 152 237 83 175 82 174 25 122 385 447 441 497 379 441 568 611 114 202 135 222 56 150
29 20 2578 173 256 99 189 143 228 44 140 420 478 2 102 163 247 15 114 38 134 75 167 455 510 17 116 540 586 30 127 34 130 372 435 82 174 254 329 58 152 209 288
30 20 2012 75 167 274 347 44 140 319 387 2 102 219 297 156 240 335 402 87 179 14 113 107 196 254 329 31 128 128 215 9 109 185 267 15 113 123 211 24 122 115 204
31 20 3454 418 477 86 178 52 147 92 183 352 417 159 243 69 162 239 315 36 132 128 215 56 151 486 538 480 532 52 147 324 391 212 291 82 174 568 611 280 352 147 232
32 20 3823 269 342 146 231 336 402 77 169 250 325 90 181 512 561 294 365 40 136 89 180 399 459 586 628 44 139 8 107 135 221 159 244 520 568 141 227 87 178 597 637
33 20 2628 6 106 333 400 258 332 233 310 17 115 355 420 137 223 78 170 4 104 110 199 65 158 178 261 155 239 243 319 141 227 36 132 524 571 340 406 14 113 59 153
34 20 2431 43 138 73 165 319 387 100 190 23 121 8 108 92 182 165 249 33 130 319 387 149 235 49 144 460 514 55 149 61 155 26 124 166 249 26 123 588 629 284 355
35 20 3727 237 314 278 351 100 190 69 162 107 197 106 196 375 438 284 356 357 422 338 404 412 471 318 386 10 109 290 361 99 189 118 206 10 109 479 531 51 146 621 659
36 20 2760 272 345 476 528 78 170 6 105 374 437 355 419 2 102 8 107 133 220 31 128 190 271 246 321 200 280 509 558 164 248 113 202 111 200 123 211 22 119 38 134
37 20 2402 41 137 315 384 226 304 424 482 105 195 7 106 365 429 154 239 19 117 298 368 131 218 330 397 42 137 26 123 28 125 81 173 157 241 36 132 158 242 60 154
38 20 3307 472 525 268 341 174 256 79 171 403 463 2 101 177 259 34 130 329 396 74 167 55 150 27 124 174 257 153 238 444 500 15 114 22 120 266 340 505 555 461 515
39 20 3636 356 420 217 295 52 147 75 167 184 266 261 335 133 220 57 151 209 288 582 624 59 153 614 653 130 217 190 271 161 245 268 341 182 264 110 199 361 425 344 410
40 20 3352 52 147 89 180 68 161 109 198 31 128 155 240 130 217 101 191 158 242 368 431 121 209 16 114 197 277 479 531 333 399 82 173 819 837 314 383 237 314 332 399
41 20 3804 17 116 69 162 193 274 367 431 340 406 354 418 1 101 446 501 124 212 104 194 291 362 72 165 323 391 148 234 360 424 106 195 398 458 445 500 563 606 35 132
42 20 3924 169 252 366 429 333 400 148 233 60 154 510 559 653 687 526 574 139 225 50 145 105 195 223 301 103 192 118 206 126 213 476 528 475 527 8 107 216 294 101 191
43 20 3805 104 193 246 321 24 122 101 191 34 130 486 537 40 136 157 241 151 236 427 484 233 310 349 414 201 281 535 582 212 291 1 101 726 754 43 138 666 699 21 119
44 20 3550 312 381 185 267 474 526 121 209 79 172 551 596 281 353 272 345 331 398 74 166 375 438 7 107 286 357 25 123 172 255 366 430 182 264 286 358 12 110 47 142
45 20 3235 1 101 227 304 43 139 100 190 338 404 433 490 213 291 130 217 103 192 19 117 82 174 417 475 118 206 256 331 329 397 181 263 67 160 397 457 211 290 379 441
46 20 2727 393 454 23 121 327 394 1 101 43 139 152 237 163 247 441 497 287 358 71 164 463 516 57 151 119 208 239 315 55 150 96 186 78 170 17 115 342 408 42 138
47 20 4371 379 441 43 139 61 155 402 462 235 312 140 226 607 646 12 111 203 283 780 802 454 509 63 156 481 533 55 149 410 469 518 567 102 192 117 206 186 267 216 295
48 20 2864 367 430 3 103 54 148 302 372 43 139 464 517 268 341 224 302 79 171 188 269 531 578 241 317 24 121 26 124 107 197 338 404 36 132 196 277 16 114 73 166
49 20 3377 539 585 338 404 28 125 256 331 47 143 99 189 415 473 673 705 522 570 193 274 15 114 52 147 98 188 179 261 65 158 24 122 277 349 82 174 302 372 18 116
50 20 3726 97 188 23 121 144 230 224 302 233 310 188 269 93 184 366 429 83 175 304 373 155 239 533 580 353 418 481 533 357 421 218 297 70 163 10 109 165 248 561 605
51 20 4144 424 481 273 345 342 407 67 160 213 291 260 334 417 475 386 447 588 629 62 156 188 269 185 267 291 362 43 138 33 130 170 253 130 217 454 509 297 368 357 422
52 20 3016 250 325 70 163 307 376 103 193 400 460 14 113 174 257 425 483 97 187 39 136 113 201 206 286 39 136 226 303 153 237 777 800 81 173 143 228 35 131 118 206
53 20 3198 194 274 375 437 167 250 70 163 436 493 135 221 353 418 269 342 21 119 187 268 167 250 14 112 252 326 330 397 103 193 108 197 349 415 60 154 212 291 196 276
54 20 2768 201 281 85 177 60 154 14 113 88 180 39 135 175 258 5 104 615 654 48 144 342 407 174 257 447 502 295 365 118 206 82 174 43 139 52 147 20 118 557 601
55 20 2451 200 280 496 546 33 130 236 313 121 209 96 187 35 131 63 157 98 188 81 173 188 269 391 452 6 106 167 251 83 175 183 265 85 177 201 281 244 320 57 151
56 20 3571 31 128 361 425 212 291 299 369 448 504 71 164 62 156 415 474 588 630 184 266 348 413 50 145 705 734 212 291 314 382 15 114 7 107 17 116 113 202 12 111
57 20 2989 317 385 144 230 110 199 51 146 325 392 22 120 11 110 74 167 89 180 264 337 98 188 26 123 263 337 122 210 6 105 551 596 689 720 152 237 254 329 169 252
58 20 3379 127 214 218 296 145 231 749 774 288 360 115 204 85 176 309 378 190 271 38 134 98 188 185 267 253 328 92 183 184 265 17 115 483 535 208 288 84 176 356 421
59 20 2810 423 481 2 102 273 346 86 178 97 187 570 613 235 311 238 314 360 424 16 114 6 105 26 123 169 252 18 117 144 229 92 183 509 558 206 285 5 105 38 134
60 20 3614 131 218 316 385 395 456 182 264 439 495 161 245 283 355 30 127 269 342 260 334 44 140 3 103 83 175 375 438 239 316 92 183 461 515 358 422 296 366 101 191
61 20 2895 65 159 205 285 137 223 9 108 77 170 312 381 4 104 183 265 116 204 46 141 154 239 236 313 495 546 145 230 185 266 141 227 46 141 367 430 476 528 220 298
62 20 2994 238 315 86 177 161 245 300 370 442 498 184 266 61 155 109 198 386 447 12 111 127 215 21 119 96 187 64 158 212 291 68 162 516 564 229 306 183 265 248 324
63 20 3577 167 251 175 258 63 157 157 241 409 468 493 543 198 279 16 115 225 303 359 423 19 117 394 455 281 353 354 419 125 212 92 183 156 241 44 139 429 486 316 384
64 20 3612 255 330 64 157 281 353 611 650 689 720 303 373 135 221 559 603 388 450 193 274 30 127 130 217 11 110 41 137 19 117 66 159 27 124 519 567 17 115 178 260
65 20 2937 805 825 47 142 153 238 363 427 123 210 119 207 6 106 76 169 26 124 59 153 173 256 54 149 58 152 278 350 342 408 49 145 423 481 463 517 35 131 20 118
66 20 3516 197 277 133 219 300 370 195 275 89 180 565 609 38 135 289 360 25 122 35 132 256 330 69 163 304 374 166 250 93 183 149 235 576 619 79 171 346 411 492 543
67 20 2772 225 302 131 218 330 397 98 188 80 172 160 244 183 265 397 457 270 343 101 191 280 352 18 116 75 167 189 270 13 111 81 173 107 196 204 284 418 476 105 195
68 20 3847 325 393 567 610 35 132 13 112 217 295 48 143 325 393 117 205 22 120 348 413 476 528 194 274 111 200 374 437 507 556 323 391 81 173 661 695 30 127 35 132
69 20 3020 246 321 220 298 24 121 267 340 133 220 340 406 8 107 253 328 22 120 173 256 423 481 336 402 160 244 325 393 74 166 276 349 340 406 113 202 39 135 4 104
70 20 2896 3 103 238 314 79 171 455 509 109 199 277 349 109 198 93 184 195 275 259 333 460 514 353 418 414 472 15 113 30 127 49 144 174 256 206 285 46 141 56 151
71 20 3091 233 310 359 423 120 208 272 345 189 270 128 216 15 113 136 222 312 381 11 110 57 151 76 168 268 341 21 119 249 324 293 364 235 312 92 183 506 556 292 363
72 20 2811 166 250 81 173 43 138 157 241 334 401 239 315 256 331 167 251 121 209 82 174 60 154 174 256 161 245 247 322 196 277 212 291 230 307 46 142 240 316 302 372
73 20 3476 204 284 96 186 184 265 43 139 184 266 351 416 43 139 40 136 654 689 472 524 28 125 640 676 206 286 709 738 34 130 11 110 71 164 19 117 24 122 333 400
74 20 2054 4 103 139 226 63 156 24 121 46 141 207 286 92 183 210 289 94 185 151 236 290 361 80 172 109 198 76 168 24 122 3 103 478 531 106 195 217 296 155 239
75 20 4659 478 531 132 219 56 150 262 336 431 488 419 478 401 461 211 290 43 139 533 580 28 125 178 260 145 231 133 220 57 151 593 633 635 672 310 379 201 281 578 621
76 20 3887 286 357 341 407 457 511 10 109 65 159 114 203 504 554 383 445 61 155 726 753 110 199 406 465 124 212 243 319 227 304 156 241 59 153 391 452 114 203 82 174
77 20 3118 42 138 100 190 235 312 402 462 38 134 34 131 200 280 722 750 287 358 10 109 47 142 237 313 58 152 31 128 395 456 15 113 267 340 195 276 439 495 144 229
78 20 3444 124 212 1 101 20 118 79 172 59 153 403 463 43 139 382 444 221 299 390 451 157 241 563 606 110 199 28 125 500 550 166 250 306 375 509 559 24 121 221 299
79 20 2476 326 394 274 346 257 332 14 112 265 338 8 108 39 135 105 195 5 104 17 115 208 287 303 373 505 555 147 233 43 139 55 150 84 176 266 340 16 114 159 243
80 20 3984 160 244 84 176 443 499 203 283 212 291 357 421 57 152 55 150 712 741 471 524 197 277 325 393 50 145 451 506 41 137 44 140 65 158 467 520 113 202 473 526
81 20 3083 268 341 162 245 39 135 56 150 282 354 299 369 19 117 391 452 477 529 131 218 296 366 277 349 296 366 182 264 113 202 48 143 327 395 79 171 20 118 92 183
82 20 3699 187 268 48 143 79 172 49 145 296 367 164 247 167 250 565 609 478 530 155 240 211 290 45 141 327 395 221 299 301 371 284 356 32 129 195 275 296 367 524 571
83 20 2700 226 303 118 206 129 216 210 289 31 128 528 575 27 124 162 246 98 189 351 416 161 245 18 116 115 204 292 363 23 120 185 267 173 256 93 184 320 388 116 205
84 20 2891 261 335 148 233 70 163 127 214 241 317 46 142 20 118 7 106 341 407 205 285 177 259 236 313 206 286 184 266 144 230 155 239 281 353 5 105 565 609 195 276
85 20 3492 7 106 403 463 303 373 633 670 27 124 22 119 72 165 9 108 16 114 50 145 540 586 265 339 20 118 289 360 11 110 41 137 376 438 451 506 309 378 521 569
86 20 2683 173 256 548 594 62 156 482 534 15 114 289 360 16 115 68 161 14 113 82 174 297 367 26 123 431 488 72 164 202 282 51 146 92 183 158 242 46 142 230 307
87 20 3323 253 328 389 450 120 208 341 407 21 119 376 438 236 313 617 655 594 634 136 222 133 219 283 355 42 137 2 102 30 127 22 120 312 381 181 263 27 124 39 135
88 20 2249 5 105 54 148 251 326 32 129 31 128 32 129 209 288 267 340 115 204 63 157 148 233 128 215 365 428 100 190 93 184 54 149 512 561 74 167 38 134 241 317
89 20 2757 7 106 296 367 289 360 296 367 69 162 239 315 146 232 214 293 125 213 78 170 236 312 361 425 24 122 659 693 1 101 8 107 185 267 7 106 191 272 16 115
90 20 3502 192 273 678 711 176 259 11 110 277 349 109 198 308 377 101 191 280 352 155 240 452 507 37 133 205 285 182 264 10 109 662 696 91 182 104 194 89 180 259 333
91 20 3952 65 159 20 118 8 108 592 633 321 389 84 176 262 336 211 290 84 176 288 359 303 373 191 272 203 282 277 349 547 592 513 561 230 307 65 159 418 476 258 332
92 20 3136 101 191 36 133 625 662 458 512 55 149 336 402 38 134 111 200 6 106 150 235 131 218 228 305 38 134 205 285 502 552 152 237 66 159 230 307 417 475 35 131
93 20 3491 475 528 58 152 11 110 684 716 163 247 30 127 219 298 576 619 149 234 131 218 26 124 236 312 429 486 17 116 9 108 465 519 389 451 59 153 43 139 195 275
94 20 3971 490 541 102 192 117 205 165 249 603 642 518 566 107 197 94 185 2 102 338 404 268 341 10 109 249 324 358 422 282 354 168 251 55 150 466 519 537 583 35 131
95 20 3252 394 455 5 105 498 548 139 225 179 261 85 176 366 429 67 161 238 315 141 227 545 591 83 175 12 111 410 469 43 139 287 359 1 101 59 154 322 390 191 272
96 20 2600 28 125 87 179 80 172 357 421 24 122 376 439 128 216 138 224 51 146 163 247 431 488 79 172 3 103 370 433 85 176 223 301 8 107 108 197 219 297 292 363
97 20 2818 47 142 91 182 44 140 84 175 51 146 138 225 344 409 22 120 461 515 179 261 135 222 50 145 111 200 60 154 434 491 203 283 137 223 343 409 231 308 358 422
98 20 3091 169 252 126 213 492 543 180 262 24 122 202 282 126 214 25 123 287 358 154 239 398 459 322 390 190 271 382 444 382 444 35 132 107 196 26 123 138 225 99 189
99 20 3612 412 471 125 213 497 547 304 374 152 237 156 240 77 169 326 393 118 207 505 554 172 254 116 205 124 212 159 243 108 197 87 178 451 506 336 402 252 327 38 134
100 20 2652 67 160 304 373 133 220 130 217 418 476 20 118 187 269 269 342 118 206 130 217 266 339 15 113 196 277 104 193 289 360 315 384 89 180 5 105 15 113 246 321
