1 20 4241 857 847 167 127 415 427 435 389 270 268 391 379 458 490 65 34 149 92 172 147 260 316 471 439 326 299 147 222 45 62 139 196 50 67 39 59 258 300 188 180
2 20 4785 221 278 381 431 233 206 430 450 335 311 19 77 358 328 68 33 270 320 517 543 228 288 448 421 589 599 205 135 231 163 325 378 82 107 677 687 344 323 21 48
3 20 3924 415 438 175 155 68 159 296 299 126 112 58 135 300 256 647 617 194 203 467 462 370 344 472 523 212 152 216 215 179 174 156 239 290 335 54 54 200 235 11 25
4 20 3128 122 199 501 517 7 96 184 112 25 4 402 375 1 58 19 103 399 432 444 458 28 103 553 588 46 141 40 25 407 372 233 282 80 105 105 45 103 166 212 198
5 20 3488 277 227 203 243 203 262 69 146 290 278 161 83 181 212 134 197 222 285 214 166 704 721 46 58 22 72 250 286 34 56 138 200 425 383 130 124 107 54 550 561
6 20 3813 76 6 233 161 277 280 433 487 70 87 252 220 132 193 181 220 88 38 565 579 152 109 28 12 53 129 389 343 669 681 5 79 402 420 85 155 34 123 643 663
7 20 2547 31 52 10 24 10 97 57 102 132 130 237 223 233 237 22 76 378 394 70 115 476 476 25 24 406 359 254 297 77 124 35 10 162 133 29 94 359 306 181 248
8 20 4453 67 160 23 94 239 231 611 634 783 802 544 547 245 229 144 189 18 9 167 225 327 316 505 506 150 180 50 129 517 560 347 401 106 167 36 7 423 391 265 318
9 20 4847 44 123 298 276 80 81 427 431 306 335 12 97 214 289 358 388 198 207 33 18 813 821 386 447 145 79 970 968 408 415 1 87 221 151 600 611 82 134 463 435
10 20 3800 82 80 353 406 246 178 25 27 378 338 3 79 106 26 95 102 486 455 52 17 121 102 575 554 12 56 538 566 292 250 326 283 469 483 358 368 201 242 32 113
11 20 4031 534 507 27 3 54 29 546 541 58 5 297 245 347 346 507 532 70 82 395 371 5 99 43 131 298 342 629 661 252 212 579 608 40 128 88 97 49 32 221 206
12 20 3820 133 53 508 474 122 155 61 46 83 90 161 108 339 338 264 219 117 77 275 282 192 177 326 335 115 53 363 362 290 308 19 79 586 591 50 76 316 261 456 448
13 20 3347 60 154 226 205 136 58 177 157 275 271 257 249 259 237 94 174 339 299 161 142 62 119 3 57 138 126 238 291 729 737 177 202 185 176 204 163 288 328 176 147
14 20 4563 382 361 338 280 97 142 175 137 136 61 37 49 97 99 260 193 364 414 424 373 386 396 443 482 12 64 628 662 132 201 221 156 376 370 822 823 86 49 288 318
15 20 4437 568 584 451 455 138 180 121 43 202 265 463 513 327 264 9 38 394 435 375 396 512 496 157 142 359 304 268 245 157 147 424 367 112 173 185 229 139 74 186 138
16 20 3388 226 211 432 455 123 83 255 285 206 127 144 147 245 312 305 244 111 28 325 269 56 67 49 118 312 250 206 150 283 259 117 200 383 334 153 102 257 208 48 18
17 20 3279 143 95 5 70 83 73 190 246 623 597 208 219 148 208 82 41 287 308 502 461 113 157 105 34 5 9 157 183 397 428 207 139 180 244 514 508 37 83 113 131
18 20 4220 284 342 363 340 466 445 724 701 19 74 26 63 232 265 348 318 55 4 53 146 194 185 4 11 359 304 336 275 43 47 150 234 21 91 578 555 626 622 395 403
19 20 4098 66 139 229 193 307 363 351 358 265 213 99 132 404 409 221 217 664 655 243 293 499 482 154 211 383 404 99 73 272 318 58 84 118 97 409 430 199 274 83 21
20 20 2947 87 132 143 80 244 311 11 11 650 673 386 382 7 86 218 176 30 15 406 449 41 36 518 529 186 206 127 116 125 186 102 149 45 1 110 140 181 212 67 17
21 20 3049 138 152 200 239 40 79 259 329 48 33 95 120 548 572 58 86 145 136 60 92 238 285 39 18 36 64 499 449 144 99 211 165 66 149 598 620 213 155 177 196
22 20 4213 514 470 381 406 54 92 5 30 193 206 242 301 71 129 164 94 117 166 47 36 109 41 266 307 32 41 338 285 305 341 775 759 559 572 275 260 599 579 221 214
23 20 4417 348 313 301 247 41 112 540 567 600 571 50 78 278 252 89 82 271 248 357 328 254 229 45 2 43 37 361 348 200 238 307 238 386 441 633 646 391 450 27 93
24 20 5358 306 344 90 25 365 319 271 223 209 288 738 728 727 736 45 44 16 8 634 615 652 626 217 286 423 481 136 149 408 439 37 94 253 300 222 178 451 418 498 513
25 20 2652 223 263 5 99 307 365 236 218 143 91 47 12 163 80 236 172 241 259 222 284 99 184 17 101 199 152 161 132 82 107 89 25 321 317 193 268 203 237 128 183
26 20 4093 366 361 325 373 108 34 19 104 404 422 140 139 128 59 57 18 184 131 238 250 234 261 50 113 263 313 102 48 580 582 631 647 149 107 377 339 196 137 566 565
27 20 2618 172 173 41 73 53 14 102 131 100 70 306 347 467 478 159 170 118 199 132 192 431 399 59 67 73 110 27 99 71 153 39 65 379 400 92 51 431 479 21 67
28 20 2506 155 107 48 54 102 122 119 196 101 155 67 35 698 684 87 54 254 319 366 325 165 160 163 118 3 60 229 268 4 60 68 43 97 130 120 116 82 131 205 169
29 20 4196 112 150 703 693 156 217 28 23 47 110 106 135 270 258 52 123 710 734 149 168 54 10 307 376 545 584 553 566 22 66 166 239 515 520 472 512 242 291 36 49
30 20 3086 64 136 41 41 169 147 345 328 105 50 188 119 84 105 446 459 214 243 158 149 233 295 131 122 161 160 230 173 98 19 146 156 379 387 351 384 201 179 114 198
31 20 3171 258 200 54 14 62 16 180 111 36 9 365 374 114 45 181 251 465 421 165 248 247 275 151 155 82 45 421 459 385 370 5 17 100 118 379 371 200 191 114 178
32 20 3420 56 1 173 102 184 199 99 164 164 87 420 386 70 63 2 69 196 135 75 54 325 352 455 438 297 263 17 10 523 513 320 306 723 706 82 76 80 162 14 45
33 20 4005 644 633 209 285 75 71 274 213 670 648 44 79 113 164 219 270 271 237 156 214 287 351 335 390 20 17 448 500 254 228 160 164 31 88 128 214 546 537 123 146
34 20 5064 24 116 115 121 231 202 181 106 384 390 610 607 418 467 311 330 687 706 370 407 352 352 602 626 159 209 421 396 109 73 43 84 239 310 507 523 56 10 512 466
35 20 4379 191 159 486 507 204 142 480 449 15 33 52 86 24 47 568 600 135 55 145 127 331 372 147 96 269 206 382 389 336 312 623 597 77 118 354 315 512 532 143 200
36 20 3109 103 122 294 281 473 474 40 114 33 98 89 107 43 123 44 83 169 108 8 99 135 194 242 280 545 543 99 116 87 75 310 331 597 589 6 40 48 140 522 498
37 20 3552 66 88 597 563 16 33 370 343 4 24 110 96 110 103 38 98 65 114 82 167 155 202 109 67 243 298 512 535 524 519 514 467 340 405 484 474 59 80 43 12
38 20 3439 298 270 172 169 51 128 8 47 612 599 309 323 165 243 34 8 106 113 96 26 426 466 294 356 460 414 452 426 55 92 99 178 31 56 166 245 181 104 284 251
39 20 3821 9 15 278 336 65 67 423 473 342 350 107 113 311 374 106 129 237 221 284 323 228 193 357 395 35 41 128 60 10 36 290 233 589 599 118 134 381 361 479 443
40 20 4048 51 28 272 220 296 355 513 500 320 385 476 520 438 474 6 11 144 159 374 316 531 495 2 100 252 257 133 71 72 150 31 91 202 144 200 199 270 311 477 527
41 20 2804 38 100 62 131 41 24 120 112 315 308 110 157 226 216 33 109 165 179 7 61 194 151 365 400 437 427 154 109 453 413 19 12 263 282 131 166 43 100 330 317
42 20 2944 42 133 60 85 28 56 81 91 313 267 157 235 174 219 158 157 232 249 60 118 515 545 74 165 472 497 446 425 79 97 114 136 74 11 381 396 55 145 166 159
43 20 3995 133 138 430 410 302 255 444 392 407 417 344 408 528 548 22 68 105 83 461 495 356 392 315 270 75 17 73 94 248 199 70 30 237 178 20 38 215 208 209 152
44 20 3628 582 588 225 186 614 591 331 276 161 200 52 31 110 57 245 244 361 355 107 24 236 225 52 82 127 132 89 38 250 237 68 141 352 297 31 98 421 382 121 36
45 20 4744 16 19 705 716 333 302 363 414 512 520 327 318 819 826 430 445 237 287 39 88 17 44 69 57 11 77 193 215 40 65 199 124 199 163 881 880 456 510 85 103
46 20 3692 639 607 291 282 336 385 72 44 8 81 511 525 169 88 42 110 61 144 25 23 139 152 21 67 50 25 775 761 404 452 182 258 103 171 253 277 475 526 59 152
47 20 4566 99 165 479 517 57 85 216 279 180 123 34 35 246 318 300 250 101 120 587 548 34 85 128 58 40 56 221 288 157 96 866 860 427 419 731 758 233 257 572 548
48 20 5090 281 292 201 196 200 150 726 703 212 134 850 849 735 744 21 9 723 718 474 511 331 365 121 50 76 102 551 517 123 43 272 243 17 112 331 346 45 139 73 115
49 20 3996 82 149 182 184 130 111 286 356 41 35 332 287 372 317 465 460 833 826 195 208 1 28 639 664 57 126 313 350 178 247 100 74 32 14 433 426 111 164 213 145
50 20 3491 130 133 230 292 467 510 151 196 491 457 66 68 19 101 35 115 256 263 197 259 578 544 212 252 67 121 205 137 211 167 88 18 95 107 393 451 146 156 327 354
51 20 2835 1 12 70 53 441 405 436 395 71 78 256 198 55 120 96 65 228 271 78 104 151 186 17 83 342 403 379 319 110 23 116 88 342 285 43 2 308 347 4 24
52 20 3635 235 290 62 152 12 71 150 65 824 817 627 642 254 261 115 174 55 60 11 78 240 254 102 135 117 72 386 432 186 108 333 272 216 172 367 316 249 212 3 93
53 20 4843 302 284 108 127 464 489 227 246 224 290 703 704 188 164 140 134 241 277 561 574 26 42 624 653 25 46 338 349 252 215 196 274 504 461 73 63 539 503 319 292
54 20 3420 608 601 47 124 227 226 98 156 310 366 473 435 237 310 181 223 144 106 67 129 224 279 300 282 403 435 184 177 188 192 199 256 93 132 82 141 83 5 128 93
55 20 4171 328 327 533 563 68 83 168 202 1 25 353 307 227 170 357 344 77 106 203 230 10 29 446 450 165 211 34 55 424 423 272 322 273 217 700 674 335 373 240 202
56 20 3372 142 184 188 179 306 267 176 211 473 502 43 32 33 97 83 3 297 284 157 218 357 416 250 204 624 641 70 94 41 79 81 57 400 353 19 6 14 6 461 505
57 20 3943 93 158 97 137 579 589 113 37 543 502 226 217 313 381 143 167 531 511 35 8 14 100 118 175 186 124 743 742 194 212 194 207 316 333 221 229 70 142 200 181
58 20 3377 307 303 353 383 73 57 187 111 240 228 167 187 194 178 330 294 180 187 60 46 224 242 196 268 201 222 286 315 85 85 334 294 60 151 646 641 39 120 60 24
59 20 5278 116 67 175 257 17 86 615 650 192 152 547 534 65 125 174 134 345 367 447 420 535 557 181 154 144 99 43 129 901 908 557 599 200 184 205 206 496 543 643 624
60 20 3372 182 258 457 466 253 200 35 40 445 420 98 29 70 104 391 452 169 141 346 389 138 199 183 251 272 308 201 165 68 151 31 19 453 447 361 300 24 56 38 19
61 20 4586 171 132 448 496 323 259 310 325 501 468 415 405 463 427 348 407 175 204 548 504 129 43 212 140 141 65 440 390 543 582 15 112 104 26 17 47 113 122 317 282
62 20 3588 144 115 660 656 110 144 30 2 68 107 22 116 11 95 375 379 264 323 384 421 483 467 164 146 486 472 92 40 598 571 42 93 26 4 221 217 263 282 43 89
63 20 4483 422 401 551 515 101 162 689 710 421 384 254 304 127 176 94 40 145 103 385 374 436 464 447 423 309 352 172 133 253 247 192 220 92 52 196 198 184 187 134 137
64 20 4861 570 569 209 225 43 89 278 260 49 101 359 328 317 342 483 500 19 16 84 75 12 41 842 839 7 70 423 480 754 747 273 291 360 423 97 16 328 300 570 593
65 20 3052 238 260 69 119 6 6 59 92 169 199 171 147 427 377 455 467 18 54 383 354 146 173 144 214 152 100 283 282 222 148 5 56 38 43 131 68 384 421 316 331
66 20 4228 182 206 500 500 439 400 509 471 509 461 453 508 161 97 100 57 283 249 102 170 370 379 14 38 259 293 56 31 208 167 248 305 375 408 336 364 92 73 90 101
67 20 4209 137 77 358 384 65 3 30 110 77 115 251 182 312 380 25 30 626 612 10 86 240 257 769 765 40 96 236 272 375 383 184 185 874 881 145 123 36 51 472 491
68 20 4345 326 280 141 130 187 113 133 154 27 12 29 33 476 499 44 57 220 222 238 302 919 920 184 129 280 342 386 446 538 517 361 413 451 487 64 67 199 126 229 256
69 20 3840 183 203 338 377 248 219 167 162 414 391 175 227 161 235 63 62 108 30 493 523 161 209 16 1 109 131 359 391 7 41 394 389 103 52 386 415 237 292 678 662
70 20 4584 316 280 255 202 337 360 281 247 222 279 611 577 428 374 303 255 269 341 346 281 392 333 559 574 89 179 193 194 219 214 30 44 391 351 130 93 348 352 11 55
71 20 3500 117 151 66 49 149 160 483 532 180 152 519 520 191 264 17 12 26 67 805 802 185 229 47 113 462 451 372 389 391 419 119 206 7 20 95 7 76 66 68 152
72 20 2598 232 220 26 50 260 249 59 74 42 128 173 223 23 6 668 665 54 27 58 100 59 144 126 99 525 522 262 310 20 36 197 211 24 95 121 61 289 356 30 92
73 20 4088 334 377 149 162 305 245 79 111 325 303 95 126 346 323 421 399 492 532 225 282 285 281 131 194 355 367 160 212 34 96 526 564 397 337 167 212 270 247 15 23
74 20 4198 227 271 101 158 26 51 225 273 156 144 389 366 280 350 123 100 75 52 31 92 725 725 13 33 81 64 135 127 204 140 495 453 418 369 626 591 105 20 813 811
75 20 4659 489 507 102 95 567 588 314 277 13 70 327 312 325 363 386 398 117 128 239 207 241 189 381 381 348 351 343 363 111 133 218 162 323 380 158 79 470 508 352 290
76 20 3660 384 359 30 121 246 282 37 73 532 577 24 69 609 609 133 65 103 119 227 238 296 358 626 663 74 29 253 307 167 98 22 4 171 98 173 186 132 136 336 381
77 20 3103 290 315 103 187 108 66 18 26 216 274 276 300 462 502 113 54 67 98 39 61 4 32 3 16 91 84 387 395 520 549 238 263 110 166 79 30 300 237 455 467
78 20 3500 109 170 295 271 277 215 368 344 133 170 237 294 444 478 65 78 460 496 110 54 311 351 70 129 15 29 472 447 317 296 200 278 49 67 200 182 174 222 69 84
79 20 3839 202 208 142 65 233 171 19 72 359 350 135 88 189 113 441 474 282 304 585 585 346 352 145 64 15 87 178 136 11 16 241 213 332 376 671 670 5 46 268 338
80 20 3337 249 282 301 299 293 258 236 272 92 91 258 244 156 191 166 191 40 60 43 108 493 508 239 188 69 18 167 160 111 65 121 53 589 565 82 109 407 412 60 50
81 20 3167 368 410 116 129 196 243 7 99 230 300 150 142 240 270 204 153 24 103 709 733 156 209 67 75 184 120 29 42 351 328 120 172 43 49 30 10 81 134 654 621
82 20 3743 472 455 271 319 232 221 655 650 216 194 646 634 206 216 429 373 34 128 239 236 75 119 99 70 24 68 4 15 51 54 139 55 179 233 24 112 286 327 398 419
83 20 4060 207 152 841 847 347 400 413 432 80 104 109 127 206 140 69 73 190 203 76 60 315 311 552 596 139 220 217 271 478 444 425 395 132 109 176 226 56 101 48 31
84 20 5162 431 392 834 841 419 420 428 403 211 134 2 86 712 691 228 163 89 105 104 65 57 21 389 362 593 557 65 5 516 504 498 490 286 309 261 268 162 231 168 184
85 20 4140 135 127 457 461 800 799 10 10 556 584 445 451 325 312 504 550 105 40 61 5 35 95 110 149 14 76 406 392 156 140 227 263 228 303 59 125 152 80 391 393
86 20 3435 114 39 42 9 175 243 211 265 236 250 100 147 73 1 402 366 159 144 38 28 34 40 49 76 722 734 330 282 267 199 140 138 692 683 124 43 385 417 1 97
87 20 5172 79 166 620 597 370 356 59 36 4 10 493 516 571 582 403 458 8 31 589 554 221 238 282 311 563 562 206 224 110 120 387 432 228 302 72 56 653 625 548 510
88 20 3936 58 73 208 218 280 328 143 215 306 329 160 232 221 153 569 589 146 116 238 233 694 714 142 172 30 60 257 247 697 723 14 16 64 150 8 55 39 41 647 640
89 20 3855 430 409 208 203 236 265 303 246 43 64 505 540 165 102 55 8 216 199 84 44 3 86 266 225 519 512 159 141 160 230 158 241 203 198 19 21 415 403 672 659
90 20 3624 435 406 197 200 24 93 325 386 270 297 41 39 279 274 44 136 402 398 21 106 486 460 396 407 106 26 113 118 268 205 66 98 162 158 442 451 39 125 414 407
91 20 3911 464 474 248 279 295 270 19 40 41 77 131 58 335 361 296 238 335 365 522 497 262 247 277 307 168 205 327 289 262 247 91 168 183 191 20 22 501 532 112 184
92 20 3803 514 550 187 133 55 6 49 88 491 541 164 189 45 18 266 256 539 546 45 62 75 126 327 335 202 194 301 294 108 98 284 231 673 669 32 93 195 228 202 164
93 20 2870 226 285 60 36 106 161 129 120 477 469 87 19 63 85 528 573 201 268 98 123 61 91 351 331 229 197 81 27 376 345 115 150 62 44 23 91 185 131 130 110
94 20 3319 293 329 93 126 261 235 82 115 245 213 418 455 148 72 227 272 67 50 276 270 70 22 6 69 155 238 92 172 341 379 503 482 236 237 429 381 206 217 1 100
95 20 4532 562 567 130 124 565 589 32 10 133 206 384 422 7 28 156 85 263 310 69 58 691 692 474 432 303 309 110 23 115 199 589 580 50 1 250 300 367 348 416 453
96 20 4007 124 67 11 26 41 72 263 276 376 363 557 529 465 422 60 131 521 517 173 165 215 226 789 790 29 123 92 150 289 250 429 384 297 305 126 188 139 134 13 60
97 20 4682 156 119 26 115 376 384 299 369 72 35 84 90 202 132 594 620 644 625 450 428 142 149 253 264 107 103 389 436 290 361 341 404 120 143 376 334 696 694 236 174
98 20 3076 374 326 314 249 594 614 466 480 136 200 41 37 133 138 55 135 283 349 155 90 2 42 30 123 78 168 27 94 5 50 232 306 251 228 307 263 31 122 331 301
99 20 3944 224 244 209 246 429 434 547 562 330 348 128 167 90 4 100 50 73 87 93 29 228 164 74 160 294 302 241 303 373 330 528 499 239 293 491 532 214 168 26 63
100 20 4704 26 1 125 194 40 78 300 231 375 357 582 575 406 388 361 386 129 164 7 1 192 248 247 175 507 517 363 364 388 427 402 365 289 321 33 102 582 582 526 569
