1 20 3927 857 847 167 127 415 427 435 389 270 268 391 379 458 490 65 34 23 80 172 147 260 316 147 222 45 62 139 196 50 67 39 59 310 338 188 180 257 204 221 278
2 20 3221 233 206 261 327 335 311 19 77 270 320 517 543 228 288 97 148 53 78 205 194 325 378 82 107 341 351 344 323 21 48 148 115 68 159 296 299 126 112 58 135
3 20 3407 142 70 300 256 647 617 194 203 20 10 212 152 216 215 179 174 156 239 200 235 11 25 501 517 7 96 184 112 25 4 402 375 1 58 19 103 399 432 444 458
4 20 2272 126 106 28 103 117 188 46 141 40 25 89 74 233 282 80 105 212 198 103 84 175 237 203 243 203 262 69 146 290 278 134 197 222 285 214 166 211 198 46 58
5 20 3960 250 286 34 56 138 200 425 383 384 345 549 569 550 561 471 499 277 280 433 487 70 87 252 220 132 193 181 220 88 38 95 105 152 109 28 12 53 129 389 343
6 20 2443 5 79 402 420 119 83 34 123 643 663 33 63 31 52 10 24 10 97 57 102 233 237 22 76 476 476 25 24 406 359 254 297 68 6 35 10 162 133 29 94
7 20 3889 181 248 23 94 239 231 611 634 59 129 544 547 245 229 144 189 18 9 167 225 327 316 281 252 150 180 50 129 55 125 36 7 423 391 265 318 468 512 576 546
8 20 3508 12 97 214 289 358 388 198 207 33 18 301 363 386 447 145 79 1 87 221 151 600 611 82 134 82 80 353 406 331 333 378 338 3 79 106 26 95 102 486 455
9 20 3303 271 206 326 283 363 350 358 368 201 242 32 113 85 60 54 29 554 527 58 5 297 245 347 346 252 313 122 37 202 188 43 131 189 119 63 87 188 116 124 177
10 20 3319 651 627 88 97 49 32 133 53 152 215 122 155 61 46 83 90 161 108 117 77 275 282 192 177 326 335 115 53 363 362 290 308 19 79 586 591 50 76 316 261
11 20 3084 22 34 318 277 60 154 226 205 136 58 177 157 275 271 94 174 339 299 161 142 62 119 3 57 138 126 238 291 729 737 103 17 288 328 176 147 175 137 136 61
12 20 3752 156 119 260 193 364 414 158 196 12 64 40 78 132 201 221 156 376 370 288 318 451 455 138 180 121 43 202 265 463 513 327 264 9 38 394 435 375 396 203 272
13 20 3399 157 147 20 87 233 242 139 74 186 138 432 455 188 140 255 285 206 127 144 147 57 17 473 439 312 250 206 150 283 259 117 200 383 334 153 102 257 208 48 18
14 20 2899 143 95 5 70 83 73 190 246 623 597 208 219 146 92 82 41 287 308 5 47 113 157 105 34 157 183 397 428 207 139 180 244 183 178 113 131 113 84 284 342
15 20 3171 466 445 724 701 19 74 26 63 232 265 142 116 55 4 53 146 194 185 4 11 359 304 336 275 43 47 150 234 21 91 395 403 110 125 229 193 307 363 99 132
16 20 3038 46 38 404 409 221 217 499 482 163 222 383 404 99 73 272 318 58 84 118 97 324 383 199 274 83 21 372 403 143 80 7 86 200 141 30 15 136 85 41 36
17 20 2588 94 13 40 4 186 206 127 116 125 186 102 149 45 1 110 140 181 212 67 17 200 239 40 79 259 329 48 33 95 120 548 572 36 36 635 638 60 92 238 285
18 20 2300 36 64 24 62 144 99 211 165 66 149 177 196 381 406 54 92 5 30 71 129 164 94 117 166 47 36 32 41 338 285 305 341 275 260 177 234 41 112 211 179
19 20 3207 50 78 278 252 89 82 271 248 357 328 254 229 45 2 43 37 361 348 200 238 307 238 386 441 27 93 10 64 90 25 365 319 271 223 209 288 172 99 224 223
20 20 3806 212 168 652 626 62 21 1 74 291 227 73 93 253 300 222 178 451 418 498 513 311 318 223 263 5 99 307 365 236 218 163 80 236 172 241 259 222 284 99 184
21 20 3046 321 317 193 268 203 237 128 183 34 122 366 361 325 373 108 34 19 104 404 422 57 18 184 131 197 234 234 261 50 113 263 313 102 48 149 107 383 375 88 17
22 20 2599 41 73 53 14 102 131 100 70 202 248 467 478 159 170 118 199 132 192 431 399 59 67 73 110 27 99 71 153 39 65 379 400 92 51 431 479 21 67 252 297
23 20 2010 48 54 102 122 119 196 101 155 67 35 60 116 366 325 165 160 35 22 3 60 229 268 4 60 107 174 97 130 120 116 82 131 205 169 229 195 112 150 262 290
24 20 3439 28 23 47 110 106 135 270 258 52 123 710 734 149 168 54 10 307 376 545 584 166 239 515 520 472 512 242 291 36 49 118 159 41 41 169 147 188 119 84 105
25 20 2540 214 243 158 149 233 295 131 122 161 160 230 173 98 19 146 156 379 387 114 198 49 95 54 14 62 16 180 111 36 9 431 405 114 45 68 94 6 10 312 359
26 20 2835 143 203 151 155 82 45 169 200 385 370 5 17 100 118 379 371 366 414 56 1 173 102 184 199 99 164 164 87 420 386 70 63 2 69 196 135 75 54 325 352
27 20 3024 297 263 17 10 247 289 30 31 723 706 82 76 80 162 14 45 209 285 75 71 274 213 670 648 44 79 113 164 219 270 123 130 156 214 53 102 335 390 20 17
28 20 2971 254 228 160 164 31 88 128 214 11 37 185 175 24 116 115 121 418 467 357 329 52 18 92 14 203 209 352 352 602 626 159 209 220 155 69 84 43 84 239 310
29 20 4396 128 80 507 523 56 10 512 466 486 507 204 142 480 449 15 33 52 86 24 47 568 600 26 62 147 96 269 206 382 389 336 312 354 315 512 532 143 200 294 281
30 20 2498 40 114 89 107 43 123 44 83 169 108 8 99 135 194 242 280 520 531 99 116 87 75 310 331 597 589 6 40 48 140 384 414 78 38 4 24 110 96 110 103
31 20 2584 65 114 82 167 155 202 109 67 243 298 514 467 340 405 43 12 73 106 298 270 23 29 51 128 8 47 92 30 34 8 149 119 294 356 460 414 31 56 166 245
32 20 3458 588 574 237 220 9 15 278 336 65 67 69 63 342 350 107 113 44 99 106 129 237 221 284 323 35 41 55 116 10 36 290 233 589 599 118 134 381 361 479 443
33 20 2720 51 28 272 220 84 83 476 520 179 234 6 11 144 159 374 316 531 495 2 100 252 257 133 71 72 150 31 91 202 144 200 199 270 311 22 1 38 100 62 131
34 20 2806 120 112 315 308 110 157 226 216 33 109 194 151 365 400 94 33 154 109 441 408 19 12 263 282 131 166 43 100 330 317 459 484 42 133 60 85 28 56 81 91
35 20 3497 157 235 174 219 158 157 232 249 60 118 472 497 446 425 79 97 114 136 74 11 82 165 55 145 166 159 444 392 407 417 15 15 105 83 461 495 356 392 315 270
36 20 3696 284 345 184 111 573 558 261 315 215 208 209 152 147 70 130 151 331 276 161 200 52 31 110 57 107 24 127 132 89 38 250 237 68 141 839 835 121 36 363 414
37 20 3208 327 318 819 826 430 445 237 287 39 88 17 44 69 57 11 77 193 215 40 65 199 124 354 289 122 84 1 12 85 103 291 282 336 385 72 44 8 81 360 410
38 20 2508 398 405 169 88 42 110 61 144 25 23 139 152 21 67 50 25 182 258 103 171 253 277 475 526 59 152 216 279 104 77 34 35 246 318 300 250 101 120 157 112
39 20 3737 105 88 34 85 128 58 40 56 221 288 157 96 118 122 427 419 5 47 233 257 281 292 201 196 200 150 726 703 212 134 21 9 723 718 474 511 245 301 121 50
40 20 2385 79 65 76 102 551 517 17 112 331 346 45 139 73 115 25 89 82 149 182 184 130 111 286 356 41 35 47 87 1 28 227 298 32 14 433 426 111 164 213 145
41 20 3227 130 133 101 164 103 110 151 196 19 101 35 115 256 263 197 259 67 121 372 337 211 167 88 18 95 107 393 451 146 156 327 354 591 602 441 405 256 198 55 120
42 20 2640 228 271 78 104 151 186 17 83 342 403 379 319 110 23 43 2 61 44 285 264 235 290 62 152 12 71 150 65 454 502 115 174 55 60 11 78 410 408 102 135
43 20 3904 386 432 186 108 333 272 216 172 367 316 249 212 3 93 590 576 302 284 108 127 464 489 227 246 224 290 140 134 241 277 349 314 26 42 107 109 25 46 338 349
44 20 3174 36 66 504 461 73 63 539 503 400 352 99 37 227 226 98 156 97 54 181 223 144 106 67 129 224 279 300 282 233 247 184 177 188 192 199 256 93 132 82 141
45 20 3464 96 115 83 5 328 327 533 563 68 83 353 307 77 106 203 230 10 29 446 450 165 211 34 55 424 423 272 322 273 217 240 202 188 179 83 3 297 284 157 218
46 20 3456 250 204 624 641 70 94 41 79 81 57 400 353 19 6 14 6 461 505 97 137 579 589 113 37 313 381 143 167 14 100 118 175 194 212 194 207 375 351 221 229
47 20 3338 200 181 436 414 307 303 353 383 73 57 187 111 240 228 167 187 194 178 330 294 180 187 60 46 224 242 196 268 201 222 286 315 85 85 334 294 60 151 60 24
48 20 4359 116 67 175 257 17 86 615 650 192 152 342 377 65 125 174 134 345 367 447 420 264 297 118 192 144 99 43 129 901 908 557 599 200 184 205 206 496 543 33 96
49 20 3069 253 200 35 40 445 420 98 29 70 104 391 452 138 199 183 251 272 308 201 165 68 151 31 19 24 56 38 19 299 240 171 132 448 496 323 259 62 20 287 265
50 20 3375 463 427 348 407 175 204 705 718 68 135 314 322 543 582 15 112 104 26 17 47 113 122 317 282 538 530 144 115 30 2 68 107 22 116 11 95 198 171 26 4
51 20 3389 263 282 43 89 6 85 689 710 127 176 94 40 145 103 385 374 85 80 368 404 309 352 172 133 253 247 192 220 92 52 196 198 184 187 134 137 17 70 483 500
52 20 2920 208 151 12 41 423 480 89 139 273 291 15 55 97 16 328 300 570 593 46 22 360 347 69 119 6 6 36 77 169 199 127 91 18 54 144 214 152 100 509 475
53 20 3208 206 194 222 148 5 56 38 43 131 68 384 421 316 331 679 704 161 97 100 57 283 249 102 170 269 304 56 31 44 139 122 90 375 408 336 364 92 73 90 101
54 20 3107 137 77 358 384 65 3 30 110 77 115 251 182 312 380 25 30 183 246 240 257 46 112 40 96 236 272 254 209 495 445 36 51 359 408 476 499 44 57 220 222
55 20 3425 201 133 238 302 280 342 386 446 451 487 64 67 199 126 229 256 8 33 167 162 414 391 175 227 161 235 63 62 108 30 493 523 161 209 16 1 109 131 359 391
56 20 3761 19 8 74 13 281 223 6 54 237 292 316 280 255 202 222 279 611 577 269 341 135 178 392 333 559 574 89 179 193 194 219 214 30 44 391 351 130 93 274 309
57 20 2836 117 151 66 49 149 160 27 26 180 152 519 520 51 110 17 12 26 67 805 802 185 229 47 113 462 451 363 363 7 20 95 7 76 66 68 152 26 50 260 249
58 20 2935 42 128 173 223 23 6 668 665 54 27 58 100 59 144 126 99 20 36 197 211 24 95 121 61 289 356 30 92 304 240 334 377 149 162 231 257 346 323 421 399
59 20 3095 225 282 285 281 131 194 355 367 160 212 34 96 99 31 397 337 167 212 270 247 15 23 101 158 26 51 225 273 280 350 123 100 75 52 31 92 789 793 81 64
60 20 3704 107 78 135 127 204 140 516 560 105 20 325 306 281 287 567 588 327 312 325 363 215 217 117 128 62 60 22 22 348 351 218 162 323 380 158 79 30 121 246 282
61 20 2923 220 249 532 577 24 69 103 119 8 7 74 29 253 307 167 98 22 4 171 98 173 186 132 136 336 381 29 20 325 285 18 26 216 274 276 300 462 502 113 54
62 20 3078 39 61 4 32 3 16 91 84 238 263 331 266 455 467 295 271 277 215 368 344 93 67 125 144 195 233 65 78 460 496 110 54 414 436 70 129 15 29 200 278
63 20 2772 148 199 174 222 69 84 56 13 233 171 19 72 359 350 441 474 128 130 145 64 15 87 178 136 11 16 57 137 5 46 268 338 301 299 293 258 166 191 399 396
64 20 2768 198 189 239 188 69 18 167 160 111 65 121 53 589 565 82 109 407 412 60 50 116 129 196 243 7 99 230 300 150 142 240 270 204 153 24 103 67 75 184 120
65 20 3574 351 328 30 10 211 136 472 455 271 319 640 639 239 236 24 68 4 15 51 54 139 55 179 233 24 112 286 327 207 152 634 643 109 127 206 140 76 60 315 311
66 20 4537 139 220 217 271 478 444 480 482 132 109 176 226 56 101 48 31 331 325 431 392 428 403 211 134 2 86 533 571 104 65 57 21 120 35 635 612 516 504 578 618
67 20 2810 89 38 341 301 261 268 457 461 223 166 10 10 188 164 504 550 105 40 61 5 35 95 110 149 14 76 406 392 156 140 227 263 16 72 99 94 59 125 152 80
68 20 3266 42 9 175 243 100 147 73 1 402 366 159 144 38 28 34 40 49 76 722 734 330 282 267 199 140 138 144 161 124 43 385 417 1 97 835 850 59 36 4 10
69 20 4294 8 31 589 554 221 238 299 328 563 562 206 224 110 120 313 293 28 35 72 56 653 625 166 184 143 215 306 329 160 232 221 153 326 297 30 60 257 247 697 723
70 20 2816 291 342 14 16 64 150 8 55 39 41 430 409 208 203 43 64 505 540 165 102 55 8 3 86 266 225 519 512 159 141 160 230 158 241 203 198 19 21 212 235
71 20 3108 57 141 33 123 197 200 24 93 325 386 270 297 41 39 10 106 65 17 467 433 146 211 113 118 268 205 66 98 162 158 442 451 39 125 414 407 282 241 464 474
72 20 3256 295 270 19 40 41 77 131 58 335 361 296 238 262 247 277 307 168 205 327 289 262 247 79 121 183 191 20 22 501 532 92 90 187 133 55 6 49 88 491 541
73 20 4144 508 523 164 189 45 18 565 573 539 546 45 62 75 126 327 335 202 194 301 294 108 98 284 231 673 669 32 93 195 228 202 164 524 496 226 285 60 36 106 161
74 20 2570 190 237 210 169 63 85 528 573 87 107 98 123 61 91 351 331 229 197 115 150 62 44 23 91 185 131 130 110 93 126 261 235 82 115 148 72 227 272 70 22
75 20 2802 127 172 6 69 7 94 341 379 217 183 236 237 429 381 206 217 1 100 206 167 565 589 32 10 82 22 195 165 7 28 156 85 303 309 110 23 27 49 250 300
76 20 4521 104 122 265 306 416 453 289 271 717 697 41 72 263 276 376 363 56 10 451 472 60 131 521 517 173 165 215 226 482 458 29 123 179 187 289 250 429 384 297 305
77 20 4284 26 115 431 437 299 369 72 35 84 90 202 132 594 620 230 270 253 264 107 103 389 436 1 15 341 404 120 143 376 334 25 65 617 627 128 89 594 614 466 480
78 20 2333 41 37 133 138 55 135 283 349 155 90 2 42 30 123 78 168 27 94 5 50 232 306 251 228 307 263 31 122 331 301 209 246 429 434 128 167 90 4 100 50
79 20 2750 93 29 294 302 241 303 7 47 528 499 239 293 26 63 125 194 40 78 78 81 375 357 361 386 129 164 7 1 192 248 247 175 176 257 33 102 109 87 138 207
80 20 3806 173 170 101 28 177 159 280 330 256 215 205 172 46 103 182 211 21 104 10 68 662 638 416 435 91 83 731 735 104 156 65 155 267 269 592 562 58 81 321 255
81 20 2606 84 128 49 95 84 123 172 173 191 165 274 321 203 175 76 126 62 38 65 37 105 187 258 216 101 58 173 224 625 628 10 67 326 390 55 109 9 4 336 319
82 20 3600 38 112 38 133 65 57 150 191 464 414 228 267 104 31 205 205 475 431 346 297 58 150 19 50 684 711 461 447 219 208 174 189 149 86 149 153 9 95 465 477
83 20 3319 59 70 101 16 43 111 195 151 490 531 265 200 165 193 272 269 603 625 31 85 518 548 423 464 107 82 124 211 94 65 458 489 2 23 7 12 10 59 182 219
84 20 3099 394 407 171 234 5 46 197 198 139 157 191 164 179 138 155 101 238 168 357 315 141 91 38 47 287 359 41 65 191 158 28 109 412 417 376 423 196 212 138 216
85 20 2739 163 171 24 81 431 409 162 194 370 315 161 194 85 135 236 237 8 37 108 158 250 273 292 240 47 35 440 471 91 67 444 425 44 67 44 111 22 104 2 10
86 20 4214 179 175 7 76 202 168 343 379 169 198 241 227 126 59 117 199 492 448 123 196 126 209 115 154 287 284 591 589 154 141 300 277 398 429 468 460 322 331 508 487
87 20 2810 415 387 382 439 328 333 107 192 197 256 99 76 412 456 341 363 152 110 199 223 118 123 54 82 243 229 124 201 45 110 39 9 108 120 41 75 87 19 22 3
88 20 2172 46 78 161 149 252 321 67 104 165 228 130 144 158 216 130 175 17 101 104 137 314 346 289 315 38 57 89 65 285 261 5 33 15 65 28 82 215 219 207 218
89 20 2040 26 26 31 56 40 21 7 52 90 105 146 143 170 205 133 208 504 513 181 242 210 135 25 15 10 44 91 78 72 99 154 237 187 147 105 66 224 208 145 115
90 20 3358 15 61 103 135 482 445 118 201 211 220 522 485 18 32 24 58 247 183 98 135 7 91 506 500 17 58 262 324 224 271 218 251 115 51 608 637 95 114 308 364
91 20 3161 138 189 29 43 149 136 397 361 437 398 282 347 286 334 288 356 145 226 95 150 49 50 76 143 132 127 354 296 297 310 77 27 268 327 349 310 53 61 51 3
92 20 2367 29 112 149 97 344 333 155 80 53 31 159 157 130 152 342 277 82 18 130 164 100 172 453 436 325 359 5 73 73 162 214 224 37 16 37 20 16 59 126 178
93 20 2687 21 116 145 180 161 242 76 82 274 305 150 91 535 579 194 127 46 45 356 324 107 69 171 153 63 9 388 413 19 8 62 131 167 118 65 79 185 245 174 196
94 20 3299 92 126 27 76 375 345 460 449 66 14 331 336 190 146 378 418 98 55 149 220 40 81 105 16 27 78 90 103 215 162 319 304 119 116 375 369 309 263 359 374
95 20 3204 610 592 400 388 57 43 124 60 177 248 204 210 106 105 248 252 198 149 76 43 87 41 317 256 37 14 46 86 794 777 9 68 137 52 137 72 37 33 205 232
96 20 3645 453 412 206 278 336 348 267 229 281 301 450 471 83 21 334 269 1 54 75 27 356 353 370 327 3 47 122 191 182 242 90 122 468 488 251 179 171 191 58 63
97 20 2952 238 251 66 3 130 157 113 163 156 117 526 564 177 102 44 21 246 254 689 670 326 386 11 19 45 30 78 93 154 139 108 47 74 134 273 336 110 158 127 210
98 20 3522 353 361 491 511 178 209 221 217 119 165 238 173 353 390 120 54 111 132 73 152 309 377 32 63 352 413 292 223 21 10 66 19 454 456 29 54 380 339 211 249
99 20 5072 273 206 158 123 387 383 66 11 313 376 185 262 217 197 53 24 642 669 203 252 268 323 4 96 339 330 320 346 411 442 432 464 818 801 760 755 38 31 453 422
100 20 3313 370 362 182 238 352 341 222 194 63 54 203 158 612 645 20 81 29 122 58 145 371 382 103 85 205 187 89 83 26 16 437 412 237 299 205 140 140 168 218 260
