1 20 6228 857 847 167 127 415 427 759 762 145 105 435 389 454 471 391 379 458 490 299 270 311 332 65 34 871 880 330 340 453 419 172 147 260 316 471 439 326 299 147 222
2 20 4643 139 196 50 67 351 378 300 242 39 59 258 300 250 221 257 204 221 278 279 254 685 702 430 450 183 117 51 18 19 77 782 788 609 643 498 541 74 63 329 388
3 20 6326 793 796 200 244 270 320 517 543 228 288 362 369 589 599 114 166 396 347 525 563 231 163 735 743 547 574 325 378 356 410 677 687 344 323 21 48 148 115 530 523
4 20 4654 68 159 296 299 126 112 538 532 57 109 593 629 84 23 291 260 176 197 647 617 194 203 467 462 370 344 472 523 212 152 216 215 179 174 156 239 290 335 386 356
5 20 6080 635 628 331 306 828 818 617 588 131 131 200 235 11 25 397 365 122 199 379 379 705 734 661 633 831 823 149 113 184 112 25 4 402 375 1 58 622 600 369 427
6 20 4530 341 319 19 103 464 418 162 137 399 432 444 458 105 100 615 641 236 189 553 588 528 571 234 183 44 49 40 25 407 372 572 595 80 105 105 45 103 166 212 198
7 20 4636 277 227 203 243 203 262 69 146 683 696 61 125 406 370 134 197 704 721 214 166 344 381 75 55 704 721 46 58 22 72 860 859 132 203 487 513 34 56 138 200
8 20 4976 130 124 107 54 550 561 479 455 76 6 233 161 277 280 433 487 434 480 46 70 70 87 825 834 645 625 475 427 132 193 181 220 307 273 543 544 88 38 189 146
9 20 6286 565 579 625 626 572 596 499 450 122 46 753 770 28 12 133 210 389 343 537 541 516 473 327 282 5 79 402 420 85 155 629 664 406 356 314 338 643 663 308 336
10 20 4141 33 63 31 52 10 24 10 97 353 289 485 526 926 928 132 130 237 223 279 250 109 44 471 493 22 76 378 394 70 115 476 476 25 24 406 359 254 297 470 515
11 20 6196 248 255 704 732 603 580 4 72 551 549 440 493 713 685 209 287 29 94 359 306 181 248 173 221 550 539 239 231 611 634 783 802 544 547 245 229 542 532 18 9
12 20 5232 10 5 167 225 327 316 708 708 211 183 363 414 562 525 50 129 517 560 347 401 106 167 336 288 423 391 265 318 468 512 298 276 520 479 453 456 397 373 12 97
13 20 5316 145 184 514 515 358 388 198 207 417 401 813 821 386 447 145 79 247 176 408 415 655 661 234 216 74 90 221 151 600 611 82 134 463 435 415 359 246 178 25 27
14 20 4546 22 88 271 316 252 204 33 128 3 79 410 377 813 820 106 26 95 102 315 345 151 146 486 455 243 311 271 206 575 554 12 56 538 566 292 250 326 283 469 483
15 20 4607 177 189 358 368 695 714 288 263 23 104 85 60 534 507 27 3 331 391 623 620 58 5 297 245 632 603 264 279 347 346 507 532 70 82 395 371 5 99 43 131
16 20 5469 629 661 252 212 579 608 40 128 280 247 49 32 221 206 700 685 133 53 508 474 122 155 634 666 83 90 161 108 339 338 264 219 589 621 653 683 84 93 517 473
17 20 5020 275 282 192 177 448 416 115 53 363 362 290 308 19 79 280 245 351 318 586 591 603 564 188 210 316 261 786 775 75 34 574 611 226 205 136 58 177 157 275 271
18 20 5676 87 83 94 174 230 158 103 149 339 299 601 628 591 589 23 74 850 857 463 509 62 119 745 770 126 66 634 600 138 126 238 291 575 564 671 638 348 327 177 202
19 20 4276 485 464 185 176 204 163 627 609 103 17 361 360 95 71 288 328 176 147 663 636 30 93 338 280 97 142 175 137 136 61 37 49 97 99 260 193 565 577 424 373
20 20 7171 443 482 335 290 628 662 817 806 157 202 132 201 404 366 917 916 822 823 86 49 472 439 538 541 568 584 451 455 946 943 121 43 202 265 463 513 327 264 135 100
21 20 4295 9 38 414 445 190 124 394 435 294 312 438 476 191 148 359 304 195 151 71 15 361 368 268 245 722 720 333 323 415 387 20 87 185 229 139 74 250 193 121 198
22 20 6658 161 78 799 801 416 394 575 601 432 455 123 83 258 285 535 536 614 633 206 127 144 147 245 312 522 489 282 260 874 879 594 612 473 439 443 456 49 118 578 589
23 20 6004 312 250 206 150 283 259 117 200 383 334 705 706 16 112 672 680 825 823 124 126 331 332 500 498 641 631 668 701 508 549 190 246 237 219 292 304 287 247 208 219
24 20 5981 623 655 637 640 27 55 502 461 571 539 5 47 331 383 105 34 98 187 10 14 643 632 523 561 143 94 570 598 796 795 37 83 532 508 364 383 597 615 363 340
25 20 3930 18 25 724 701 19 74 26 63 232 265 523 554 143 125 266 288 627 632 142 116 55 4 876 873 194 185 4 11 275 295 336 275 43 47 150 234 21 91 239 202
26 20 7857 578 555 638 629 442 416 354 304 440 489 726 747 370 405 307 363 351 358 265 213 99 132 404 409 221 217 781 780 424 406 879 871 410 362 689 689 566 536 878 876
27 20 3621 340 310 99 73 272 318 58 84 118 97 409 430 199 274 83 21 205 198 87 132 229 161 3 56 326 282 244 311 11 11 650 673 386 382 7 86 521 505 280 310
28 20 6412 56 119 218 176 30 15 406 449 740 764 517 495 525 564 518 529 186 206 127 116 736 743 4 93 935 930 918 924 887 890 186 148 110 140 649 643 67 17 200 239
29 20 5430 32 96 298 303 685 657 721 709 259 329 48 33 701 714 167 232 331 283 712 712 95 120 548 572 58 86 145 136 405 347 25 118 60 92 607 627 39 18 852 838
30 20 4860 791 793 290 303 36 64 499 449 247 301 211 165 66 149 598 620 213 155 177 196 202 208 514 470 607 573 97 28 303 319 714 740 5 30 193 206 242 301 71 129
31 20 5988 583 593 554 560 117 166 436 381 495 516 47 36 109 41 266 307 32 41 477 456 837 851 338 285 305 341 775 759 618 613 275 260 442 421 120 49 438 451 221 214
32 20 5155 348 313 301 247 41 112 540 567 600 571 50 78 135 174 677 655 271 248 511 525 254 229 618 653 43 37 361 348 200 238 307 238 496 507 273 253 391 450 27 93
33 20 5200 306 344 90 25 365 319 205 242 209 288 738 728 727 736 332 393 224 223 16 8 634 615 652 626 217 286 423 481 136 149 516 525 37 94 303 328 179 122 191 162
34 20 4377 451 418 498 513 311 318 731 706 430 392 223 263 5 99 307 365 236 218 143 91 47 12 163 80 236 172 241 259 665 684 99 184 244 235 199 152 161 132 82 107
35 20 4246 321 317 193 268 203 237 128 183 34 122 366 361 325 373 108 34 19 104 404 422 464 422 282 336 570 576 135 199 57 18 184 131 238 250 846 854 197 199 234 261
36 20 5829 745 728 263 313 102 48 580 582 631 647 149 107 587 576 249 227 800 793 196 137 566 565 88 17 172 173 41 73 790 794 154 133 95 176 398 356 142 194 539 576
37 20 3608 339 381 175 241 290 227 64 38 202 248 106 112 159 170 251 240 591 562 268 264 31 20 576 582 59 67 73 110 27 99 71 153 602 611 155 177 379 400 92 51
38 20 5218 337 279 431 479 21 67 252 297 155 107 48 54 102 122 198 259 101 155 817 804 393 394 312 250 737 725 87 54 254 319 490 503 776 781 513 523 336 372 163 118
39 20 3376 332 307 3 60 229 268 4 60 68 43 829 829 120 116 82 131 205 169 229 195 112 150 703 693 156 217 125 118 184 211 28 23 47 110 106 135 270 258 389 333
40 20 6997 52 123 710 734 149 168 622 614 381 380 54 10 307 376 545 584 820 820 656 677 553 566 235 308 321 366 767 751 627 619 515 520 472 512 242 291 36 49 683 711
41 20 4662 118 159 41 41 705 724 345 328 105 50 188 119 442 488 446 459 214 243 158 149 906 902 131 122 660 654 230 173 98 19 146 156 496 508 84 111 201 179 114 198
42 20 5667 784 795 54 14 62 16 180 111 248 255 288 293 36 9 365 374 235 294 663 638 362 366 912 908 247 275 652 651 143 203 151 155 744 725 187 134 576 541 195 180
43 20 5375 615 625 82 45 215 224 25 90 385 370 5 17 100 118 229 164 833 843 398 445 792 789 56 1 656 678 657 647 99 164 767 782 44 91 164 87 527 534 70 63
44 20 5706 911 915 38 89 580 605 611 608 357 337 182 213 325 352 455 438 297 263 17 10 523 513 320 306 422 379 34 59 723 706 150 109 711 736 254 320 14 45 209 285
45 20 6792 616 614 595 613 889 885 447 425 231 228 44 79 113 164 219 270 271 237 631 636 123 130 156 214 390 384 657 639 641 657 593 594 562 533 107 104 448 500 757 769
46 20 5585 31 88 128 214 546 537 11 85 185 175 24 116 115 121 231 202 532 562 952 953 610 607 418 467 311 330 976 975 234 292 195 267 370 407 352 352 602 626 159 209
47 20 4604 682 672 220 155 69 84 43 84 239 310 507 523 369 383 202 239 56 10 512 466 164 89 601 585 486 507 204 142 480 449 15 33 52 86 749 757 82 26 24 47
48 20 6105 135 55 480 440 26 62 147 96 635 652 827 818 410 415 382 389 336 312 623 597 77 118 354 315 512 532 143 200 294 281 473 474 776 796 581 614 343 404 78 139
49 20 4131 43 123 44 83 169 108 8 99 131 85 242 280 530 487 425 413 141 171 99 116 87 75 310 331 50 119 47 141 808 795 339 340 597 589 6 40 855 842 233 307
50 20 5256 355 312 522 498 137 72 257 198 413 367 370 343 4 24 110 96 110 103 38 98 457 504 82 167 491 526 109 67 594 594 729 737 243 298 512 535 524 519 514 467
51 20 4905 484 474 59 80 203 174 511 496 73 106 298 270 172 169 51 128 180 261 892 897 949 948 230 249 92 30 358 334 319 278 34 8 106 113 96 26 426 466 599 572
52 20 4685 525 488 49 19 294 356 460 414 452 426 55 92 99 178 853 859 26 93 31 56 166 245 798 790 588 574 237 220 9 15 278 336 65 67 423 473 342 350 107 113
53 20 5212 289 293 311 374 890 882 212 205 106 129 237 221 284 323 228 193 357 395 379 357 338 296 632 660 318 273 55 116 10 36 290 233 589 599 118 134 725 739 148 232
54 20 5922 226 153 441 391 51 28 620 638 851 857 513 500 320 385 476 520 438 474 468 429 349 323 374 316 531 495 2 100 252 257 133 71 641 617 614 602 72 150 31 91
55 20 5057 424 453 202 144 200 199 270 311 932 926 245 226 500 502 710 704 38 100 62 131 41 24 120 112 644 652 282 236 315 308 609 640 563 539 87 42 45 33 33 109
56 20 6331 355 354 382 403 571 613 523 552 611 601 484 435 365 400 437 427 154 109 453 413 405 359 548 562 867 880 122 99 411 435 263 282 131 166 43 100 330 317 459 484
57 20 5695 284 264 872 876 161 167 42 133 60 85 218 292 429 445 81 91 313 267 816 823 174 219 158 157 232 249 568 606 515 545 74 165 472 497 446 425 780 799 424 388
58 20 4236 114 136 74 11 381 396 55 145 166 159 288 293 55 20 430 410 302 255 401 438 67 84 344 408 433 430 22 68 422 433 505 469 105 83 461 495 356 392 315 270
59 20 5404 284 345 534 516 2 8 829 814 70 30 425 394 573 558 318 254 415 425 237 178 20 38 504 530 57 126 215 208 396 386 43 79 582 588 424 374 342 367 486 502
60 20 5337 225 186 614 591 331 276 643 674 25 78 173 208 789 802 110 124 268 315 565 558 110 57 245 244 361 355 550 585 344 379 433 484 127 132 483 456 188 232 88 34
61 20 6584 208 273 483 509 68 141 352 297 31 98 433 445 158 180 441 450 801 781 786 782 16 19 624 620 479 478 705 716 333 302 363 414 512 520 649 661 247 178 542 497
62 20 4668 430 445 237 287 39 88 17 44 69 57 11 77 193 215 763 785 546 557 199 124 272 250 161 141 199 163 881 880 456 510 85 103 631 600 336 385 72 44 239 167
63 20 5278 415 473 626 601 136 57 511 525 789 790 500 510 31 69 210 285 169 88 776 790 333 380 61 144 25 23 139 152 21 67 50 25 775 761 404 452 182 258 445 444
64 20 4508 103 171 869 876 178 182 59 152 479 517 57 85 216 279 180 123 621 657 286 283 436 434 478 501 98 14 24 1 77 116 101 120 587 548 179 190 500 516 107 103
65 20 5497 406 462 128 58 158 91 81 135 914 914 217 261 622 648 808 820 151 68 118 122 427 419 731 758 233 257 572 548 301 316 281 292 296 228 27 93 201 196 200 150
66 20 4785 468 427 726 703 212 134 206 162 59 55 654 633 21 9 190 119 185 104 331 365 121 50 76 102 551 517 538 573 281 229 570 559 272 243 17 112 331 346 173 153
67 20 5532 733 757 375 437 747 769 25 89 521 541 366 410 82 149 182 184 130 111 286 356 41 35 736 745 689 683 227 187 170 114 543 499 375 353 47 87 1 28 639 664
68 20 4928 313 350 178 247 100 74 32 14 556 574 231 174 433 426 364 414 492 498 315 291 213 145 230 292 467 510 334 346 491 457 66 68 19 101 875 863 417 435 35 115
69 20 4299 197 259 742 750 191 137 67 121 205 137 211 167 88 18 95 107 237 190 400 449 300 271 25 101 393 451 146 156 406 422 446 427 1 12 70 53 441 405 713 699
70 20 5446 436 395 926 932 219 160 57 129 303 337 870 882 804 788 96 65 228 271 78 104 357 402 386 349 699 681 17 83 342 403 379 319 110 23 116 88 342 285 43 2
71 20 7520 386 350 308 347 4 24 133 177 260 237 649 682 675 692 817 812 607 594 728 731 12 71 150 65 824 817 601 591 501 465 926 931 328 273 936 934 254 261 302 251
72 20 5213 115 174 55 60 11 78 858 847 366 382 117 72 386 432 372 412 697 688 221 275 333 272 216 172 367 316 249 212 392 452 590 576 302 284 488 528 294 241 88 5
73 20 6092 227 246 392 426 703 704 188 164 140 134 241 277 628 621 534 505 349 314 26 42 624 653 357 418 338 349 30 78 343 383 504 461 877 873 79 56 149 76 886 880
74 20 4600 338 363 319 292 219 184 608 601 47 124 475 504 98 156 310 366 473 435 237 310 181 223 144 106 67 129 584 607 300 282 687 678 184 177 188 192 199 256 93 132
75 20 5897 354 371 82 141 814 804 331 385 825 813 139 190 509 505 335 385 304 352 328 327 533 563 68 83 168 202 1 25 353 307 651 629 481 436 412 451 218 147 466 461
76 20 4996 77 106 565 591 10 29 446 450 165 211 34 55 643 625 168 116 273 217 700 674 335 373 612 613 260 298 281 211 386 375 240 202 188 179 167 144 223 213 473 502
77 20 5732 618 614 33 97 505 539 130 109 83 3 297 284 157 218 642 653 250 204 624 641 70 94 41 79 449 414 662 645 666 635 400 353 19 6 14 6 921 917 585 564
78 20 5397 217 149 99 173 97 137 579 589 113 37 543 502 226 217 605 622 326 383 313 381 698 691 430 467 143 167 625 633 530 502 14 100 118 175 488 521 389 359 194 212
79 20 5072 192 150 221 229 70 142 200 181 436 414 184 216 353 383 268 331 294 333 532 556 167 187 720 717 14 63 194 178 304 317 78 102 330 294 502 498 648 628 633 661
80 20 5088 75 21 509 507 180 187 483 442 517 502 543 528 224 242 196 268 201 222 286 315 85 85 334 294 509 491 646 641 39 120 60 24 649 647 17 86 615 650 192 152
81 20 6972 449 410 298 320 65 125 573 601 345 367 447 420 433 396 398 384 535 557 181 154 544 528 679 661 147 205 678 682 536 564 43 129 901 908 557 599 347 386 559 549
82 20 4685 205 206 496 543 643 624 236 280 182 258 407 412 253 200 650 682 254 195 472 484 366 390 63 20 98 29 70 104 391 452 102 162 411 363 253 239 167 237 138 199
83 20 4386 441 398 183 251 272 308 201 165 68 151 31 19 453 447 361 300 24 56 38 19 299 240 171 132 563 536 188 233 448 496 323 259 502 464 27 19 389 357 501 468
84 20 5055 287 265 415 405 463 427 348 407 175 204 548 504 129 43 283 324 68 135 314 322 767 765 363 330 163 115 15 112 432 477 794 774 465 475 17 47 113 122 160 191
85 20 6228 144 115 660 656 110 144 30 2 68 107 22 116 594 634 375 379 264 323 384 421 483 467 410 386 562 586 164 146 644 645 827 841 498 467 907 898 598 571 42 93
86 20 5955 386 383 26 4 683 700 263 282 378 334 122 72 43 89 6 85 689 710 421 384 254 304 590 590 250 287 313 364 632 662 546 578 733 706 288 305 385 374 436 464
87 20 4514 85 80 447 423 344 347 233 195 190 265 571 589 472 484 402 442 253 247 509 466 92 52 196 198 184 187 134 137 272 220 505 537 384 419 43 89 278 260 49 101
88 20 5310 696 701 485 512 317 342 483 500 19 16 84 75 12 41 448 429 320 254 423 480 754 747 51 16 100 102 273 291 360 423 97 16 328 300 330 331 488 485 570 593
89 20 5324 238 260 69 119 6 6 724 748 161 146 395 446 277 325 171 147 499 464 245 228 427 377 455 467 18 54 358 367 27 84 578 540 159 180 859 849 689 711 301 260
90 20 7355 144 214 658 682 643 619 703 733 283 282 426 458 956 956 341 385 5 56 775 770 131 68 384 421 316 331 500 500 621 598 398 395 439 400 509 471 509 461 453 508
91 20 5536 794 782 408 400 100 57 283 249 102 170 370 379 14 38 816 811 126 115 269 304 56 31 208 167 248 305 511 511 306 311 313 330 336 364 618 650 366 354 676 667
92 20 4843 378 386 137 77 358 384 65 3 30 110 245 309 251 182 312 380 25 30 891 885 484 475 626 612 10 86 240 257 769 765 40 96 236 272 375 383 178 158 404 360
93 20 4568 36 51 292 296 290 279 384 405 581 569 500 502 46 44 187 113 278 219 120 126 133 154 27 12 744 768 79 83 476 499 44 57 220 222 109 30 927 929 238 302
94 20 5636 161 194 919 920 184 129 387 357 109 156 280 342 652 618 538 517 361 413 451 487 331 389 292 244 212 193 350 343 516 521 480 431 229 256 8 33 338 377 248 219
95 20 4277 414 391 175 227 161 235 63 62 609 608 57 75 354 290 198 256 161 209 639 639 204 220 16 1 109 131 590 555 7 41 394 389 103 52 806 822 6 54 281 241
96 20 6292 282 235 231 205 140 108 607 593 255 202 724 707 332 317 527 553 281 247 222 279 611 577 428 374 508 527 703 717 346 281 392 333 559 574 363 316 266 281 89 179
97 20 4867 251 256 193 194 219 214 30 44 391 351 871 866 658 643 11 55 41 134 650 677 213 282 149 160 314 316 180 152 519 520 517 545 17 12 26 67 678 696 156 146
98 20 4080 582 544 47 113 462 451 372 389 391 419 119 206 7 20 95 7 496 510 189 242 496 539 383 374 258 280 226 293 26 50 260 249 59 74 42 128 438 397 153 193
99 20 4289 36 48 173 223 23 6 668 665 54 27 58 100 280 293 342 402 126 99 525 522 600 618 123 81 177 222 658 681 105 116 20 36 197 211 24 95 873 872 300 343
100 20 4820 89 77 264 320 713 698 133 162 289 356 30 92 304 240 592 574 93 70 334 377 66 13 407 396 576 612 231 257 325 303 95 126 346 323 421 399 492 532 225 282
