1 20 5440 857 871 193 273 415 474 399 459 145 230 50 145 24 121 454 509 341 407 270 343 458 512 201 281 495 545 311 380 481 533 871 884 149 234 453 508 23 121 211 290
2 20 5535 172 255 647 683 471 524 659 693 147 232 58 152 139 225 168 252 351 416 293 364 753 777 39 135 250 325 188 270 849 864 221 299 134 220 462 516 685 717 233 309
3 20 3912 430 487 261 335 51 146 19 117 206 285 609 648 68 161 74 167 35 132 200 280 227 304 517 565 225 302 362 426 448 503 114 203 205 284 525 572 97 187 217 296
4 20 4228 231 308 53 147 547 592 205 284 356 420 82 174 124 211 344 409 658 692 402 462 250 325 148 233 175 258 660 694 152 236 296 367 483 535 21 119 9 108 90 181
5 20 5186 578 620 769 792 57 151 224 302 84 176 835 852 300 370 490 541 176 258 370 433 160 244 76 168 194 275 442 498 370 433 212 291 179 262 533 580 144 229 290 361
6 20 5992 386 448 745 770 635 672 595 636 74 166 54 149 503 553 828 845 851 866 131 218 503 553 212 291 11 110 428 486 600 640 122 210 61 155 39 135 705 735 7 107
7 20 5118 903 913 56 150 359 423 68 162 149 234 908 918 25 123 1 101 622 660 19 118 73 166 512 561 162 246 653 688 38 134 444 499 126 213 615 654 165 248 500 550
8 20 5750 236 312 807 827 28 126 119 207 410 469 528 575 46 141 2 102 366 430 343 408 411 470 44 140 477 529 528 575 581 623 561 605 710 739 572 615 233 310 186 267
9 20 4174 80 172 202 281 103 193 150 235 586 627 306 376 103 193 608 647 203 283 69 162 86 177 61 155 161 245 134 221 141 227 625 662 704 733 214 292 75 168 607 646
10 20 5004 704 733 211 290 22 120 247 322 132 219 92 182 34 130 388 449 425 482 68 161 313 382 107 197 799 819 549 595 285 357 371 434 326 393 479 531 471 524 233 309
11 20 5753 277 349 476 529 222 300 434 491 70 163 825 843 252 327 717 745 475 528 181 263 88 179 218 296 495 546 543 589 97 187 637 674 189 270 565 608 336 402 95 186
12 20 6100 625 663 495 545 395 455 499 549 152 237 753 778 133 219 53 148 103 193 537 583 461 515 669 703 327 395 314 382 402 461 349 414 308 377 267 340 155 239 629 666
13 20 4550 406 465 643 679 226 304 182 264 31 128 394 454 353 418 926 934 381 443 57 152 287 358 237 313 414 472 109 198 22 120 225 302 371 434 70 163 260 334 94 184
14 20 4990 506 555 230 307 464 518 406 466 470 523 77 169 248 323 449 504 68 161 603 643 162 246 440 496 32 129 449 505 861 875 209 288 9 108 359 424 173 256 23 121
15 20 6332 631 668 137 223 611 650 203 283 544 590 466 520 542 587 603 643 144 230 421 479 167 250 153 238 112 201 708 738 505 555 281 353 363 427 101 191 652 687 571 614
16 20 5321 150 235 945 950 87 178 263 337 92 183 347 412 85 176 336 402 36 132 646 682 481 533 328 395 265 338 137 224 44 140 298 368 656 691 576 618 453 508 427 484
17 20 4868 306 375 295 366 514 563 493 543 214 292 25 122 324 391 198 279 620 658 813 832 301 371 55 149 145 231 277 349 195 276 176 259 7 107 325 393 395 456 408 468
18 20 6304 655 690 1 101 74 167 777 799 600 640 365 429 463 516 82 173 511 560 246 322 331 398 488 540 22 120 833 850 163 247 217 295 738 765 242 317 252 327 820 838
19 20 5184 33 130 536 583 122 210 443 499 813 832 485 536 95 185 151 236 243 319 52 147 686 717 575 617 538 585 205 285 326 393 358 422 416 475 288 359 32 129 83 175
20 20 5823 792 813 27 124 623 661 546 591 554 599 178 260 297 367 260 334 761 785 264 337 507 557 252 327 95 186 56 150 159 243 395 456 698 728 202 281 585 626 28 126
21 20 5099 43 138 298 369 189 270 252 327 188 269 40 136 280 352 88 180 635 672 221 299 601 641 709 738 133 219 796 817 122 209 309 379 83 174 459 513 339 405 589 630
22 20 5915 653 688 68 161 517 565 275 347 448 503 788 809 808 827 326 393 432 489 19 117 627 665 363 427 19 117 195 275 197 278 339 406 351 416 603 643 50 145 316 384
23 20 5587 786 808 456 510 574 616 60 154 3 103 40 136 136 222 248 323 275 347 528 575 87 179 523 571 259 334 66 160 380 442 553 598 230 307 339 405 591 632 850 865
24 20 6470 463 517 77 170 230 307 787 808 201 281 126 213 802 822 138 225 571 614 393 454 150 235 73 166 353 418 117 205 575 618 634 670 729 756 348 413 660 694 661 695
25 20 4988 204 284 398 458 720 748 103 193 210 289 95 185 631 668 212 291 176 259 382 444 676 708 30 127 177 259 631 668 97 187 614 653 136 223 156 240 97 188 490 541
26 20 5261 260 334 10 109 424 482 443 499 158 242 273 346 373 435 628 665 40 136 300 370 157 241 235 312 43 138 460 514 404 463 221 299 822 840 485 537 369 432 472 525
27 20 5415 538 584 467 520 451 506 457 511 496 546 337 404 290 361 121 209 152 237 654 689 463 517 42 138 802 822 135 222 707 736 9 108 354 418 190 271 65 158 39 135
28 20 5210 394 455 161 245 291 362 438 495 168 251 512 561 359 423 203 283 71 164 361 425 604 644 722 750 157 242 334 400 415 473 742 768 112 201 159 243 139 226 171 254
29 20 5508 250 325 186 268 799 819 456 510 226 304 599 639 575 617 188 269 1 101 303 373 123 211 535 582 497 547 188 269 206 286 456 511 245 320 57 151 713 742 282 354
30 20 6508 874 887 325 392 473 526 49 144 137 223 432 489 637 673 142 228 307 376 875 887 206 285 117 205 28 125 114 203 856 871 705 734 153 238 800 820 16 114 889 900
31 20 5975 672 705 379 441 257 331 124 212 489 541 667 700 500 550 518 566 506 556 668 701 5 104 173 256 260 334 190 271 157 241 352 417 292 363 429 486 208 287 623 661
32 20 5539 637 674 287 359 354 419 64 157 864 878 571 614 331 398 113 202 250 325 151 236 508 558 98 188 5 105 643 679 655 690 540 586 157 241 346 412 143 229 207 286
33 20 4888 180 262 107 196 37 133 532 579 755 779 113 202 402 462 597 638 284 355 96 187 576 618 466 519 243 319 19 117 221 299 571 614 246 322 232 309 290 361 143 229
34 20 5414 266 339 348 413 142 228 606 645 876 889 642 677 53 147 11 110 4 104 275 347 359 423 892 903 43 139 150 235 7 106 239 316 578 621 442 498 395 456 440 496
35 20 7274 726 753 110 199 307 377 96 187 228 305 265 339 326 393 77 169 404 464 458 512 123 211 781 803 456 510 879 891 664 698 689 720 499 549 787 808 878 890 340 406
36 20 4415 99 189 58 152 73 166 570 613 409 468 324 392 67 160 83 174 367 430 87 178 229 306 326 393 143 228 11 110 503 553 386 447 521 569 277 350 218 296 768 792
37 20 5700 30 127 406 465 136 223 517 566 518 566 377 439 40 136 686 718 127 214 560 604 4 103 52 146 918 926 102 192 239 315 254 328 186 268 734 761 649 684 590 631
38 20 3930 67 160 200 280 258 332 32 129 169 252 685 716 259 333 30 127 233 309 701 731 282 354 148 234 331 398 95 185 364 427 58 152 36 133 500 550 405 464 60 154
39 20 6591 607 646 238 314 531 578 852 867 791 812 36 133 359 423 759 783 247 322 144 230 191 272 66 160 598 638 846 861 177 259 462 516 514 563 432 489 96 186 293 364
40 20 5097 381 443 303 373 384 446 5 104 395 456 242 317 112 201 164 248 554 599 436 492 47 143 109 199 32 129 477 529 702 732 338 404 775 797 275 348 185 267 456 510
41 20 5665 599 639 438 494 614 652 601 641 301 371 390 451 443 499 177 259 155 240 46 141 550 595 540 586 211 290 50 145 135 222 278 350 684 716 271 344 254 329 345 411
42 20 4412 618 656 45 140 361 425 307 377 241 317 215 294 273 346 633 670 332 399 27 125 10 109 90 181 338 404 263 337 205 285 271 344 738 764 172 255 332 399 45 141
43 20 5296 507 556 212 291 634 670 217 295 62 156 136 222 423 481 336 402 37 134 693 724 73 166 179 261 222 299 498 548 731 758 797 817 223 301 247 322 307 377 86 177
44 20 3992 85 177 272 345 47 142 804 824 236 312 177 259 434 491 487 538 665 699 222 300 244 319 17 115 72 164 403 463 161 245 220 298 89 180 193 274 35 131 128 215
45 20 5572 34 130 44 139 325 393 144 230 676 709 19 117 404 463 343 409 358 422 496 547 282 354 128 215 135 222 412 471 184 266 846 861 234 311 324 392 745 771 833 850
46 20 5182 263 337 163 247 413 471 580 622 467 520 149 234 598 638 249 324 647 682 196 276 88 179 41 137 762 786 334 401 53 148 528 576 295 365 100 190 154 239 398 458
47 20 4357 142 228 199 279 175 257 100 190 671 704 64 157 106 195 467 521 403 462 251 326 118 206 39 136 815 833 268 341 576 618 431 488 73 166 302 372 117 205 130 217
48 20 3952 71 164 602 642 39 135 379 441 191 272 28 126 607 646 5 104 282 354 431 488 287 359 155 239 203 283 198 278 119 207 60 154 817 835 67 160 312 381 87 178
49 20 4401 254 328 60 154 202 282 776 798 165 249 336 403 232 309 43 138 406 465 580 622 3 103 589 630 738 764 217 296 4 103 68 161 413 472 107 196 123 211 186 268
50 20 4498 829 846 475 528 97 187 467 520 82 174 235 311 220 298 229 306 254 329 99 189 703 732 262 336 125 212 28 125 747 772 47 143 175 258 194 275 15 114 340 406
51 20 5663 389 450 52 147 811 830 131 218 199 279 149 234 387 448 381 443 501 551 391 452 252 327 277 349 182 263 307 376 1 101 468 521 820 838 507 556 553 597 321 389
52 20 6100 767 791 515 563 445 501 200 280 243 319 81 173 107 196 167 250 242 318 175 258 669 703 683 715 118 206 269 342 350 415 847 862 498 549 345 410 717 745 188 269
53 20 5711 442 497 84 176 388 449 214 293 906 915 233 310 98 188 660 694 576 619 593 633 161 245 510 559 307 376 603 643 98 188 496 546 379 441 141 227 201 281 49 144
54 20 5109 258 332 891 902 62 156 765 788 248 323 36 132 636 673 371 434 58 152 235 311 114 203 362 426 465 519 247 322 312 381 158 242 791 812 143 229 152 237 83 175
55 20 5802 151 236 477 529 855 870 187 268 728 755 195 275 593 634 615 653 215 293 421 479 169 252 319 387 192 273 5 104 100 190 397 458 223 301 219 297 359 423 833 850
56 20 4934 398 458 114 202 135 222 56 150 657 691 184 266 406 466 62 156 359 423 72 165 767 790 164 248 427 484 70 163 911 920 146 231 580 622 196 276 357 422 107 196
57 20 5420 311 380 455 510 17 116 540 586 320 388 30 127 495 545 34 130 372 435 150 235 82 174 533 580 254 329 58 152 867 881 209 288 23 120 616 654 521 569 889 900
58 20 6118 447 503 702 732 332 399 44 140 319 387 656 690 688 720 2 102 219 297 170 253 547 593 631 668 461 515 156 240 155 239 447 503 657 691 593 634 335 402 87 179
59 20 5488 562 606 20 118 448 503 28 126 589 630 160 244 491 542 546 591 11 110 185 267 567 610 304 374 58 153 18 116 483 535 941 947 28 126 231 308 238 314 952 956
60 20 5317 610 649 311 380 357 422 720 748 234 310 122 210 370 433 203 283 462 515 23 121 602 642 421 479 220 298 43 139 507 556 335 402 202 282 202 282 512 561 191 272
61 20 5534 543 588 603 643 486 538 480 532 52 147 324 391 212 291 82 174 320 388 568 611 129 216 280 352 480 532 145 230 147 232 199 279 827 845 382 444 36 133 623 660
62 20 4986 77 169 280 352 250 325 450 505 90 181 735 761 512 561 294 365 776 798 40 136 343 408 33 130 89 180 399 459 586 628 40 136 44 139 509 558 8 107 678 710
63 20 4665 42 138 164 247 242 317 246 322 695 725 425 482 99 189 535 581 310 379 348 413 50 145 47 143 8 107 12 111 339 405 491 542 6 106 333 400 592 633 848 863
64 20 5947 855 869 954 958 48 143 779 801 522 570 66 159 384 446 257 332 897 907 16 114 679 711 370 433 715 744 110 199 325 393 38 134 192 273 82 174 36 132 109 198
65 20 4975 594 634 496 546 243 319 141 227 36 132 524 571 340 406 14 113 59 153 351 416 511 560 659 694 298 368 322 389 51 146 95 185 235 311 570 613 448 503 232 309
66 20 5062 180 262 8 108 949 954 612 651 92 182 165 249 33 130 477 530 319 387 106 195 724 751 426 483 149 235 733 760 631 668 49 144 460 514 55 149 99 189 61 155
67 20 5032 31 128 798 818 181 263 237 314 610 649 278 351 100 190 423 481 69 162 107 197 469 522 289 360 470 523 186 267 890 901 106 196 375 438 159 243 284 356 228 305
68 20 6296 379 441 160 244 35 132 632 669 128 216 55 150 317 385 830 847 589 630 381 443 725 752 381 443 441 497 31 128 670 703 620 658 272 345 513 561 235 312 476 528
69 20 4812 438 494 179 261 166 250 681 713 349 414 502 552 144 229 413 472 90 181 800 820 531 578 252 327 641 677 72 165 81 173 323 391 9 108 202 282 92 183 50 145
70 20 5178 509 558 699 730 164 248 113 202 111 200 123 211 932 939 500 550 477 529 22 119 38 134 62 156 130 217 120 208 545 591 282 353 609 648 110 199 238 314 689 721
71 20 6699 939 946 226 304 424 482 105 195 355 419 571 614 7 106 228 305 611 650 855 869 365 429 224 302 154 239 775 798 405 465 867 880 19 117 535 582 411 470 298 368
72 20 4713 263 337 372 435 43 139 206 286 459 513 269 342 284 356 219 297 2 102 560 604 161 245 60 154 429 486 313 382 838 854 646 681 174 257 229 306 133 219 232 309
73 20 5069 568 611 60 154 193 274 364 427 458 513 74 167 11 110 150 235 446 501 691 722 424 482 114 203 376 438 660 694 693 724 381 443 375 438 82 174 51 146 166 250
74 20 6460 288 359 513 561 430 487 730 757 401 461 444 500 344 410 15 114 501 551 22 120 266 340 722 750 335 401 505 555 863 876 452 506 461 515 184 265 315 384 284 356
75 20 6307 534 580 248 324 829 846 184 266 425 482 318 386 237 313 933 940 737 763 408 467 261 335 133 220 57 151 132 219 396 456 209 288 582 624 611 650 342 408 308 378
76 20 5005 225 302 753 777 147 232 331 398 908 917 211 290 54 149 522 570 25 123 173 256 291 362 110 199 565 608 52 147 245 320 503 553 550 595 107 196 433 490 52 147
77 20 7272 127 214 467 520 542 588 188 269 97 188 483 534 250 325 352 417 921 929 433 489 441 497 421 479 839 855 786 808 624 661 705 734 305 374 363 427 98 188 649 684
78 20 5840 247 322 819 837 314 383 237 314 332 399 875 887 460 514 11 110 168 252 763 786 40 136 199 279 112 201 458 513 161 245 615 653 402 462 881 893 122 210 85 176
79 20 6573 631 668 918 926 291 362 72 165 323 391 148 234 626 664 511 560 360 424 106 195 500 550 398 458 445 500 563 606 425 483 35 132 210 289 28 125 851 866 776 799
80 20 6181 333 400 148 233 719 747 60 154 510 559 663 696 241 317 454 509 653 687 526 574 732 759 139 225 50 145 628 666 404 464 105 195 223 301 591 632 445 500 103 192
81 20 4363 869 882 253 328 191 272 59 153 5 104 99 189 136 222 57 151 351 416 220 298 318 386 134 221 636 672 540 586 30 127 508 557 180 262 104 193 286 357 478 530
82 20 3696 98 189 300 370 77 170 587 629 209 288 500 550 157 241 105 194 128 215 219 297 81 173 210 289 245 320 217 296 221 299 70 163 113 201 272 345 4 104 808 827
83 20 5888 151 236 427 484 571 614 233 310 349 414 301 371 389 450 296 366 201 281 535 582 212 291 1 101 780 802 726 754 43 138 339 406 84 176 666 699 206 286 850 865
84 20 5524 654 689 803 822 735 762 78 170 236 312 357 421 559 603 312 381 185 267 474 526 150 235 121 209 79 172 551 596 281 353 272 345 331 398 279 351 74 166 375 438
85 20 5589 747 772 73 166 521 569 291 362 82 174 135 221 130 217 614 653 41 137 201 281 82 174 689 720 372 435 170 253 833 850 375 438 678 710 1 101 639 675 313 381
86 20 3801 178 261 84 175 32 129 280 352 231 308 364 428 111 200 204 283 315 383 682 714 230 307 101 191 154 239 334 401 412 471 151 236 241 317 435 492 66 159 147 232
87 20 5780 19 117 82 174 894 905 417 475 340 406 118 206 687 719 256 331 454 509 329 397 181 263 742 768 578 621 67 160 397 457 211 290 379 441 95 185 431 488 549 594
88 20 5515 237 313 300 370 107 196 393 454 23 121 393 454 406 465 363 426 327 394 303 373 650 685 1 101 43 139 152 237 683 715 163 247 441 497 816 834 287 358 806 825
89 20 6007 219 297 303 373 256 331 804 824 157 242 455 510 228 305 357 421 151 236 293 364 437 493 699 730 809 828 464 518 86 177 56 150 437 493 850 865 443 499 5 105
90 20 5544 17 115 342 408 42 138 11 110 875 888 110 199 277 349 342 408 322 390 718 746 386 448 4 104 133 220 248 323 285 357 649 684 36 132 588 629 817 836 728 756
91 20 6667 12 111 203 283 780 802 824 842 501 551 853 868 328 395 909 918 254 329 454 509 63 156 481 533 55 149 858 872 240 316 410 469 518 567 102 192 117 206 372 435
92 20 5490 697 727 333 400 529 576 367 430 392 453 3 103 54 148 302 372 43 139 294 365 464 517 268 341 392 453 224 302 79 171 188 269 647 683 612 651 531 578 444 500
93 20 6334 628 665 589 630 561 605 349 414 767 790 425 483 420 478 357 421 25 123 30 127 252 326 504 553 79 171 539 585 886 898 338 404 311 380 611 650 219 297 28 125
94 20 5453 608 647 400 460 475 527 227 304 310 379 97 188 737 764 237 313 23 121 144 230 584 625 224 302 147 233 687 718 634 671 403 463 233 310 407 467 139 225 101 191
95 20 4028 199 279 146 231 298 368 82 174 177 259 331 398 96 186 391 452 214 293 290 361 139 225 202 282 235 311 449 504 335 402 128 216 328 395 508 557 68 161 420 478
96 20 5900 168 251 353 418 743 769 481 533 357 421 218 297 682 714 344 410 70 163 10 109 405 465 165 248 561 605 388 449 403 463 168 252 272 345 156 241 731 758 700 730
97 20 4348 335 401 213 291 260 334 243 319 417 475 386 447 588 629 62 156 620 658 188 269 185 267 223 301 564 607 176 259 291 362 266 340 43 138 33 130 173 255 170 253
98 20 5939 505 555 411 470 83 175 267 340 157 241 139 225 250 325 70 163 307 376 103 193 398 459 539 585 662 696 757 781 540 586 799 819 400 460 479 531 14 113 544 590
99 20 6392 921 929 725 753 461 515 99 189 93 184 143 229 82 174 579 621 383 445 418 476 357 421 543 589 605 645 287 358 313 382 4 104 430 487 625 662 392 452 531 578
100 20 4600 35 131 118 206 178 260 298 368 254 329 389 450 743 769 194 274 221 299 200 280 184 266 307 376 525 572 268 341 73 165 532 579 240 316 720 748 194 275 78 170
